0 
0.0007854 
0.00156627 
0.00234304 
0.00311609 
0.00388583 
0.00465266 
0.00541697 
0.00617916 
0.0069396 
0.00769868 
0.00845678 
0.00921428 
0.00997155 
0.010729 
0.0114869 
0.0122457 
0.0130057 
0.0137674 
0.014531 
0.015297 
0.0160656 
0.0168373 
0.0176124 
0.0183913 
0.0191743 
0.0199618 
0.0207541 
0.0215516 
0.0223547 
0.0231637 
0.0239789 
0.0248008 
0.0256297 
0.0264659 
0.0273098 
0.0281618 
0.0290223 
0.0298915 
0.03077 
0.031658 
0.0325559 
0.0334641 
0.034383 
0.035313 
0.0362544 
0.0372076 
0.0381731 
0.0391512 
0.0401424 
0.041147 
0.0421654 
0.043198 
0.0442453 
0.0453077 
0.0463856 
0.0474794 
0.0485897 
0.0497167 
0.0508609 
0.0520229 
0.0532031 
0.0544018 
0.0556197 
0.0568571 
0.0581146 
0.0593926 
0.0606917 
0.0620123 
0.0633549 
0.0647201 
0.0661084 
0.0675204 
0.0689564 
0.0704172 
0.0719033 
0.0734152 
0.0749536 
0.0765189 
0.0781118 
0.079733 
0.0813829 
0.0830623 
0.0847717 
0.0865119 
0.0882834 
0.090087 
0.0919233 
0.093793 
0.0956968 
0.0976354 
0.0996096 
0.10162 
0.103668 
0.105753 
0.107877 
0.11004 
0.112243 
0.114488 
0.116774 
0.119103 
0.121475 
0.123892 
0.126355 
0.128863 
0.131419 
0.134022 
0.136675 
0.139378 
0.142132 
0.144938 
0.147797 
0.15071 
0.153678 
0.156703 
0.159785 
0.162925 
0.166125 
0.169387 
0.17271 
0.176096 
0.179547 
0.183064 
0.186647 
0.190299 
0.194021 
0.197814 
0.201679 
0.205618 
0.209632 
0.213722 
0.217891 
0.22214 
0.22647 
0.230882 
0.235379 
0.239961 
0.244632 
0.249391 
0.254241 
0.259185 
0.264222 
0.269356 
0.274587 
0.279919 
0.285352 
0.29089 
0.296532 
0.302283 
0.308142 
0.314114 
0.320199 
0.326401 
0.33272 
0.339159 
0.345721 
0.352408 
0.359221 
0.366164 
0.373239 
0.380447 
0.387792 
0.395276 
0.402902 
0.410672 
0.418588 
0.426654 
0.434871 
0.443243 
0.451773 
0.460462 
0.469315 
0.478334 
0.487521 
0.496879 
0.506413 
0.516124 
0.526015 
0.536091 
0.546353 
0.556805 
0.56745 
0.578291 
0.589332 
0.600575 
0.612025 
0.623684 
0.635555 
0.647643 
0.65995 
0.67248 
0.685237 
0.698223 
0.711442 
0.724898 
0.738593 
0.752533 
0.76672 
0.781157 
0.795848 
0.810797 
0.826006 
0.84148 
0.857222 
0.873236 
0.889524 
0.90609 
0.922937 
0.940069 
0.957488 
0.975199 
0.993204 
1.01151 
1.03011 
1.04901 
1.06822 
1.08774 
1.10757 
1.12772 
1.14817 
1.16895 
1.19005 
1.21147 
1.23321 
1.25528 
1.27768 
1.3004 
1.32346 
1.34684 
1.37055 
1.3946 
1.41897 
1.44368 
1.46872 
1.49408 
1.51978 
1.54579 
1.56746 
1.56746 
1.56746 
1.56746 
1.56746 
1.56746 
1.56746 
1.56746 
1.56746 
1.56746 
1.56746 
1.56746 
1.56746 
1.56746 
1.56746 
1.56746 
1.56746 
1.56746 
1.56746 
1.56746 
1.56746 
1.56746 
1.56746 
1.56746 
1.56746 
1.56746 
1.56746 
1.56746 
1.56746 
1.56746 
1.56746 
1.56746 
1.56746 
1.56746 
1.56746 
1.56746 
1.56746 
1.56746 
1.56746 
1.56746 
1.56746 
1.56746 
1.56746 
1.56746 
1.56746 
1.56746 
1.56746 
1.56746 
1.56746 
1.56746 
1.56746 
1.56746 
1.56746 
1.56746 
1.56746 
1.56746 
1.56746 
1.56746 
1.56746 
1.56746 
1.56746 
1.56746 
1.56746 
1.56746 
1.56746 
1.56746 
1.56746 
1.56746 
1.56746 
1.56746 
1.56746 
1.56746 
1.56746 
1.56746 
1.56746 
1.56746 
1.56746 
1.56746 
1.56746 
1.56746 
1.56746 
1.56746 
1.56746 
1.56746 
1.56746 
1.56746 
1.56746 
1.56746 
1.56746 
1.56746 
1.56746 
1.56746 
1.56746 
1.56746 
1.56746 
1.56746 
1.56746 
1.56746 
1.56746 
1.56746 
1.56746 
1.56746 
1.56746 
1.56746 
1.56746 
1.56746 
1.56746 
1.56746 
1.56746 
1.56746 
1.56746 
1.56746 
1.56746 
1.56746 
1.56746 
1.56746 
1.56746 
1.56746 
1.56746 
1.56746 
1.56746 
1.56746 
1.56746 
1.56746 
1.56746 
1.56746 
1.56746 
1.56746 
1.56746 
1.56746 
1.56746 
1.56746 
1.56746 
1.56746 
1.56746 
1.56746 
1.56746 
1.56746 
1.56746 
1.56746 
1.56746 
1.56746 
1.56746 
1.56746 
1.56746 
1.56746 
1.56746 
1.56746 
1.56746 
1.56746 
1.56746 
1.56746 
1.56746 
1.56746 
1.56746 
1.56746 
1.56746 
1.56746 
1.56746 
1.56746 
1.56746 
1.56746 
1.56746 
1.56746 
1.56746 
1.56746 
1.56746 
1.56746 
1.56746 
1.56746 
1.56746 
1.56746 
1.56746 
1.56746 
1.56746 
1.56746 
1.56746 
1.56746 
1.56746 
1.56746 
1.56746 
1.56746 
1.56746 
1.56746 
1.56746 
1.56746 
1.56746 
1.56746 
1.56746 
1.56746 
1.56746 
1.56746 
1.56746 
1.56746 
1.56746 
1.56746 
1.56746 
1.56746 
1.56746 
1.56746 
1.56746 
1.56746 
1.56746 
1.56746 
1.56746 
1.56746 
1.56746 
1.56746 
1.56746 
1.56746 
1.56746 
1.56746 
1.56746 
1.56746 
1.56746 
1.56746 
1.56746 
1.56746 
1.56746 
1.56746 
1.56746 
1.56746 
1.56746 
1.56746 
1.56746 
1.56746 
1.56746 
1.56746 
1.56746 
1.56746 
1.56746 
1.56746 
1.56746 
1.56746 
1.56746 
1.56746 
1.56746 
1.56746 
1.56746 
1.56746 
1.56746 
1.56746 
1.56746 
1.56746 
1.56746 
1.56746 
1.56746 
1.56746 
1.56746 
1.56746 
1.56746 
1.56746 
1.56746 
1.56746 
1.56746 
1.56746 
1.56746 
1.56746 
1.56746 
1.56746 
1.56746 
1.56746 
1.56746 
1.56746 
1.56746 
1.56746 
1.56746 
1.56746 
1.56746 
1.56746 
1.56746 
1.56746 
1.56746 
1.56746 
1.56746 
1.56746 
1.56746 
1.56746 
1.56746 
1.56746 
1.56746 
1.56746 
1.56746 
1.56746 
1.56746 
1.56746 
1.56746 
1.56746 
1.56746 
1.56746 
1.56746 
1.56746 
1.56746 
1.56746 
1.56746 
1.56746 
1.56746 
1.56746 
1.56746 
1.56746 
1.56746 
1.56746 
1.56746 
1.56746 
1.56746 
1.56746 
1.56746 
1.56746 
1.56746 
1.56746 
1.56746 
1.56746 
1.56746 
1.56746 
1.56746 
1.56746 
1.56746 
1.56746 
1.56746 
1.56746 
1.56746 
1.56746 
1.56746 
1.56746 
1.56746 
1.56746 
1.56746 
1.56746 
1.56746 
1.56746 
1.56746 
1.56746 
1.56746 
1.56746 
1.56746 
1.56746 
1.56746 
1.56746 
1.56746 
1.56746 
1.56746 
1.56746 
1.56746 
1.56746 
1.56746 
1.56746 
1.56746 
1.56746 
1.56746 
1.56746 
1.56746 
1.56746 
1.56746 
1.56746 
1.56746 
1.56746 
1.56746 
1.56746 
1.56746 
1.56746 
1.56746 
1.56746 
1.56746 
1.56746 
1.56746 
1.56746 
1.56746 
1.56746 
1.56746 
1.56746 
1.56746 
1.56746 
1.56746 
1.56746 
1.56746 
1.56746 
1.56746 
1.56746 
1.56746 
1.56746 
1.56746 
1.56746 
1.56746 
1.56746 
1.56746 
1.56746 
1.56746 
1.56746 
1.56746 
1.56746 
1.56746 
1.56746 
1.56746 
1.56746 
1.56746 
1.56746 
1.56746 
1.56746 
1.56746 
1.56746 
1.56746 
1.56746 
1.56746 
1.56746 
1.56746 
1.56746 
1.56746 
1.56746 
1.56746 
1.56746 
1.56746 
1.56746 
1.56746 
1.56746 
1.56746 
1.56746 
1.56746 
1.56746 
1.56746 
1.56746 
1.56746 
1.56746 
1.56746 
1.56746 
1.56746 
1.56746 
1.56746 
1.56746 
1.56746 
1.56746 
1.56746 
1.56746 
1.56746 
1.56746 
1.56746 
1.56746 
1.56746 
1.56746 
1.56746 
1.56746 
1.56746 
1.56746 
1.56746 
1.56746 
1.56746 
1.56746 
1.56746 
1.56746 
1.56746 
1.56746 
1.56746 
1.56746 
1.56746 
1.56746 
1.56746 
1.56746 
1.56746 
1.56746 
1.56746 
1.56746 
1.56746 
1.56746 
1.56746 
1.56746 
1.56746 
1.56746 
1.56746 
1.56746 
1.56746 
1.56746 
1.56746 
1.56746 
1.56746 
1.56746 
1.56746 
1.56746 
1.56746 
1.56746 
1.56746 
1.56746 
1.56746 
1.56746 
1.56746 
1.56746 
1.56746 
1.56746 
1.56746 
1.56746 
1.56746 
1.56746 
1.56746 
1.56746 
1.56746 
1.56746 
1.56746 
1.56746 
1.56746 
1.56746 
1.56746 
1.56746 
1.56746 
1.56746 
1.56746 
1.56746 
1.56746 
1.56746 
1.56746 
1.56746 
1.56746 
1.56746 
1.56746 
1.56746 
1.56746 
1.56746 
1.56746 
1.56746 
1.56746 
1.56746 
1.56746 
1.56746 
1.56746 
1.56746 
1.56746 
1.56746 
1.56746 
1.56746 
1.56746 
1.56746 
1.56746 
1.56746 
1.56746 
1.56746 
1.56746 
1.56746 
1.56746 
1.56746 
1.56746 
1.56746 
1.56746 
1.56746 
1.56746 
1.56746 
1.56746 
1.56746 
1.56746 
1.56746 
1.56746 
1.56746 
1.56746 
1.56746 
1.56746 
1.56746 
1.56746 
1.56746 
1.56746 
1.56746 
1.56746 
1.56746 
1.56746 
1.56746 
1.56746 
1.56746 
1.56746 
1.56746 
1.56746 
1.56746 
1.56746 
1.56746 
1.56746 
1.56746 
1.56746 
1.56746 
1.56746 
1.56746 
1.56746 
1.56746 
1.56746 
1.56746 
1.56746 
1.56746 
1.56746 
1.56746 
1.56746 
1.56746 
1.56746 
1.56746 
1.56746 
1.56746 
1.56746 
1.56746 
1.56746 
1.56746 
1.56746 
1.56746 
1.56746 
1.56746 
1.56746 
1.56746 
1.56746 
1.56746 
1.56746 
1.56746 
1.56746 
1.56746 
1.56746 
1.56746 
1.56746 
1.56746 
1.56746 
1.56746 
1.56746 
1.56746 
1.56746 
1.56746 
1.56746 
1.56746 
1.56746 
1.56746 
1.56746 
1.56746 
1.56746 
1.56746 
1.56746 
1.56746 
1.56746 
1.56746 
1.56746 
1.56746 
1.56746 
1.56746 
1.56746 
1.56746 
1.56746 
1.56746 
1.56746 
1.56746 
1.56746 
1.56746 
1.56746 
1.56746 
1.56746 
1.56746 
1.56746 
1.56746 
1.56746 
1.56746 
1.56746 
1.56746 
1.56746 
1.56746 
1.56746 
1.56746 
1.56746 
1.56746 
1.56746 
1.56746 
1.56746 
1.56746 
1.56746 
1.56746 
1.56746 
1.56746 
1.56746 
1.56746 
1.56746 
1.56746 
1.56746 
1.56746 
1.56746 
1.56746 
1.56746 
1.56746 
1.56746 
1.56746 
1.56746 
1.56746 
1.56746 
1.56746 
1.56746 
1.56746 
1.56746 
1.56746 
1.56746 
1.56746 
1.56746 
1.56746 
1.56746 
1.56746 
1.56746 
1.56746 
1.56746 
1.56746 
1.56746 
1.56746 
1.56746 
1.56746 
1.56746 
1.56746 
1.56746 
1.56746 
1.56746 
1.56746 
1.56746 
1.56746 
1.56746 
1.56746 
1.56746 
1.56746 
1.56746 
1.56746 
1.56746 
1.56746 
1.56746 
1.56746 
1.56746 
1.56746 
1.56746 
1.56746 
1.56746 
1.56746 
1.56746 
1.56746 
1.56746 
1.56746 
1.56746 
1.56746 
1.56746 
1.56746 
1.56746 
1.56746 
1.56746 
1.56746 
1.56746 
1.56746 
1.56746 
1.56746 
1.56746 
1.56746 
1.56746 
1.56746 
1.56746 
1.56746 
1.56746 
1.56746 
1.56746 
1.56746 
1.56746 
1.56746 
1.56746 
1.56746 
1.56746 
1.56746 
1.56746 
1.56746 
1.56746 
1.56746 
1.56746 
1.56746 
1.56746 
1.56746 
1.56746 
1.56746 
1.56746 
1.56746 
1.56746 
1.56746 
1.56746 
1.56746 
1.56746 
1.56746 
1.56746 
1.56746 
1.56746 
1.56746 
1.56746 
1.56746 
1.56746 
1.56746 
1.56746 
1.56746 
1.56746 
1.56746 
1.56746 
1.56746 
1.56746 
1.56746 
1.56746 
1.56746 
1.56746 
1.56746 
1.56746 
1.56746 
1.56746 
1.56746 
1.56746 
1.56746 
1.56746 
1.56746 
1.56746 
1.56746 
1.56746 
1.56746 
1.56746 
1.56746 
1.56746 
1.56746 
1.56746 
1.56746 
1.56746 
1.56746 
1.56746 
1.56746 
1.56746 
1.56746 
1.56746 
1.56746 
1.56746 
1.56746 
1.56746 
1.56746 
1.56746 
1.56746 
1.56746 
1.56746 
1.56746 
1.56746 
1.56746 
1.56746 
1.56746 
1.56746 
1.56746 
1.56746 
1.56746 
1.56746 
1.56746 
1.56746 
1.56746 
1.56746 
1.56746 
1.56746 
1.56746 
1.56746 
1.56746 
1.56746 
1.56746 
1.56746 
1.56746 
1.56746 
1.56746 
1.56746 
1.56746 
1.56746 
1.56746 
1.56746 
1.56746 
1.56746 
1.56746 
1.56746 
1.56746 
1.56746 
1.56746 
1.56746 
1.56746 
1.56746 
1.56746 
1.56746 
1.56746 
1.56746 
1.56746 
1.56746 
1.56746 
1.56746 
1.56746 
1.56746 
1.56746 
1.56746 
1.56746 
1.56746 
1.56746 
1.56746 
1.56746 
1.56746 
1.56746 
1.56746 
1.56746 
1.56746 
1.56746 
1.56746 
1.56746 
1.56746 
1.56746 
1.56746 
1.56746 
1.56746 
1.56746 
1.56746 
1.56746 
1.56746 
1.56746 
1.56746 
1.56746 
1.56746 
1.56746 
1.56746 
1.56746 
1.56746 
1.56746 
1.56746 
1.56746 
1.56746 
1.56746 
1.56746 
1.56746 
1.56746 
1.56746 
1.56746 
1.56746 
1.56746 
1.56746 
1.56746 
1.56746 
1.56746 
1.56746 
1.56746 
1.56746 
1.56746 
1.56746 
1.56746 
1.56746 
1.56746 
1.56746 
1.56746 
1.56746 
1.56746 
1.56746 
1.56746 
1.56746 
1.56746 
1.56746 
1.56746 
1.56746 
1.56746 
1.56746 
1.56746 
1.56746 
1.56746 
1.56746 
1.56746 
1.56746 
1.56746 
1.56746 
1.56746 
1.56746 
1.56746 
1.56746 
1.56746 
1.56746 
1.56746 
1.56746 
1.56746 
1.56746 
1.56746 
1.56746 
1.56746 
1.56746 
1.56746 
1.56746 
1.56746 
1.56746 
1.56746 
1.56746 
1.56746 
1.56746 
1.56746 
1.56746 
1.56746 
1.56746 
1.56746 
1.56746 
1.56746 
1.56746 
1.56746 
1.56746 
1.56746 
1.56746 
1.56746 
1.56746 
1.56746 
1.56746 
1.56746 
1.56746 
1.56746 
1.56746 
1.56746 
1.56746 
1.56746 
1.56746 
1.56746 
1.56746 
1.56746 
1.56746 
1.56746 
1.56746 
1.56746 
1.56746 
1.56746 
1.56746 
1.56746 
1.56746 
1.56746 
1.56746 
1.56746 
1.56746 
1.56746 
1.56746 
1.56746 
1.56746 
1.56746 
1.56746 
1.56746 
1.56746 
1.56746 
1.56746 
1.56746 
1.56746 
1.56746 
1.56746 
1.56746 
1.56746 
1.56746 
1.56746 
1.56746 
1.56746 
1.56746 
1.56746 
1.56746 
1.56746 
1.56746 
1.56746 
1.56746 
1.56746 
1.56746 
1.56746 
1.56746 
1.56746 
1.56746 
1.56746 
1.56746 
1.56746 
1.56746 
1.56746 
1.56746 
1.56746 
1.56746 
1.56746 
1.56746 
1.56746 
1.56746 
1.56746 
1.56746 
1.56746 
1.56746 
1.56746 
1.56746 
1.56746 
1.56746 
1.56746 
1.56746 
1.56746 
1.56746 
1.56746 
1.56746 
1.56746 
1.56746 
1.56746 
1.56746 
1.56746 
1.56746 
1.56746 
1.56746 
1.56746 
1.56746 
1.56746 
1.56746 
1.56746 
1.56746 
1.56746 
1.56746 
1.56746 
1.56746 
1.56746 
1.56746 
1.56746 
1.56746 
1.56746 
1.56746 
1.56746 
1.56746 
1.56746 
1.56746 
1.56746 
1.56746 
1.56746 
1.56746 
1.56746 
1.56746 
1.56746 
1.56746 
1.56746 
1.56746 
1.56746 
1.56746 
1.56746 
1.56746 
1.56746 
1.56746 
1.56746 
1.56746 
1.56746 
1.56746 
1.56746 
1.56746 
1.56746 
1.56746 
1.56746 
1.56746 
1.56746 
1.56746 
1.56746 
1.56746 
1.56746 
1.56746 
1.56746 
1.56746 
1.56746 
1.56746 
1.56746 
1.56746 
1.56746 
1.56746 
1.56746 
1.56746 
1.56746 
1.56746 
1.56746 
1.56746 
1.56746 
1.56746 
1.56746 
1.56746 
1.56746 
1.56746 
1.56746 
1.56746 
1.56746 
1.56746 
1.56746 
1.56746 
1.56746 
1.56746 
1.56746 
1.56746 
1.56746 
1.56746 
1.56746 
1.56746 
1.56746 
1.56746 
1.56746 
1.56746 
1.56746 
1.56746 
1.56746 
1.56746 
1.56746 
1.56746 
1.56746 
1.56746 
1.56746 
1.56746 
1.56746 
1.56746 
1.56746 
1.56746 
1.56746 
1.56746 
1.56746 
1.56746 
1.56746 
1.56746 
1.56746 
1.56746 
1.56746 
1.56746 
1.56746 
1.56746 
1.56746 
1.56746 
1.56746 
1.56746 
1.56746 
1.56746 
1.56746 
1.56746 
1.56746 
1.56746 
1.56746 
1.56746 
1.56746 
1.56746 
1.56746 
1.56746 
1.56746 
1.56746 
1.56746 
1.56746 
1.56746 
1.56746 
1.56746 
1.56746 
1.56746 
1.56746 
1.56746 
1.56746 
1.56746 
1.56746 
1.56746 
1.56746 
1.56746 
1.56746 
1.56746 
1.56746 
1.56746 
1.56746 
1.56746 
1.56746 
1.56746 
1.56746 
1.56746 
1.56746 
1.56746 
1.56746 
1.56746 
1.56746 
1.56746 
1.56746 
1.56746 
1.56746 
1.56746 
1.56746 
1.56746 
1.56746 
1.56746 
1.56746 
1.56746 
1.56746 
1.56746 
1.56746 
1.56746 
1.56746 
1.56746 
1.56746 
1.56746 
1.56746 
1.56746 
1.56746 
1.56746 
1.56746 
1.56746 
1.56746 
1.56746 
1.56746 
1.56746 
1.56746 
1.56746 
1.56746 
1.56746 
1.56746 
1.56746 
1.56746 
1.56746 
1.56746 
1.56746 
1.56746 
1.56746 
1.56746 
1.56746 
1.56746 
1.56746 
1.56746 
1.56746 
1.56746 
1.56746 
1.56746 
1.56746 
1.56746 
1.56746 
1.56746 
1.56746 
1.56746 
1.56746 
1.56746 
1.56746 
1.56746 
1.56746 
1.56746 
1.56746 
1.56746 
1.56746 
1.56746 
1.56746 
1.56746 
1.56746 
1.56746 
1.56746 
1.56746 
1.56746 
1.56746 
1.56746 
1.56746 
1.56746 
1.56746 
1.56746 
1.56746 
1.56746 
1.56746 
1.56746 
1.56746 
1.56746 
1.56746 
1.56746 
1.56746 
1.56746 
1.56746 
1.56746 
1.56746 
1.56746 
1.56746 
1.56746 
1.56746 
1.56746 
1.56746 
1.56746 
1.56746 
1.56746 
1.56746 
1.56746 
1.56746 
1.56746 
1.56746 
1.56746 
1.56746 
1.56746 
1.56746 
1.56746 
1.56746 
1.56746 
1.56746 
1.56746 
1.56746 
1.56746 
1.56746 
1.56746 
1.56746 
1.56746 
1.56746 
1.56746 
1.56746 
1.56746 
1.56746 
1.56746 
1.56746 
1.56746 
1.56746 
1.56746 
1.56746 
1.56746 
1.56746 
1.56746 
1.56746 
1.56746 
1.56746 
1.56746 
1.56746 
1.56746 
1.56746 
1.56746 
1.56746 
1.56746 
1.56746 
1.56746 
1.56746 
1.56746 
1.56746 
1.56746 
1.56746 
1.56746 
1.56746 
1.56746 
1.56746 
1.56746 
1.56746 
1.56746 
1.56746 
1.56746 
1.56746 
1.56746 
1.56746 
1.56746 
1.56746 
1.56746 
1.56746 
1.56746 
1.56746 
1.56746 
1.56746 
1.56746 
1.56746 
1.56746 
1.56746 
1.56746 
1.56746 
1.56746 
1.56746 
1.56746 
1.56746 
1.56746 
1.56746 
1.56746 
1.56746 
1.56746 
1.56746 
1.56746 
1.56746 
1.56746 
1.56746 
1.56746 
1.56746 
1.56746 
1.56746 
1.56746 
1.56746 
1.56746 
1.56746 
1.56746 
1.56746 
1.56746 
1.56746 
1.56746 
1.56746 
1.56746 
1.56746 
1.56746 
1.56746 
1.56746 
1.56746 
1.56746 
1.56746 
1.56746 
1.56746 
1.56746 
1.56746 
1.56746 
1.56746 
1.56746 
1.56746 
1.56746 
1.56746 
1.56746 
1.56746 
1.56746 
1.56746 
1.56746 
1.56746 
1.56746 
1.56746 
1.56746 
1.56746 
1.56746 
1.56746 
1.56746 
1.56746 
1.56746 
1.56746 
1.56746 
1.56746 
1.56746 
1.56746 
1.56746 
1.56746 
1.56746 
1.56746 
1.56746 
1.56746 
1.56746 
1.56746 
1.56746 
1.56746 
1.56746 
1.56746 
1.56746 
1.56746 
1.56746 
1.56746 
1.56746 
1.56746 
1.56746 
1.56746 
1.56746 
1.56746 
1.56746 
1.56746 
1.56746 
1.56746 
1.56746 
1.56746 
1.56746 
1.56746 
1.56746 
1.56746 
1.56746 
1.56746 
1.56746 
1.56746 
1.56746 
1.56746 
1.56746 
1.56746 
1.56746 
1.56746 
1.56746 
1.56746 
1.56746 
1.56746 
1.56746 
1.56746 
1.56746 
1.56746 
1.56746 
1.56746 
1.56746 
1.56746 
1.56746 
1.56746 
1.56746 
1.56746 
1.56746 
1.56746 
1.56746 
1.56746 
1.56746 
1.56746 
1.56746 
1.56746 
1.56746 
1.56746 
1.56746 
1.56746 
1.56746 
1.56746 
1.56746 
1.56746 
1.56746 
1.56746 
1.56746 
1.56746 
1.56746 
1.56746 
1.56746 
1.56746 
1.56746 
1.56746 
1.56746 
1.56746 
1.56746 
1.56746 
1.56746 
1.56746 
1.56746 
1.56746 
1.56746 
1.56746 
1.56746 
1.56746 
1.56746 
1.56746 
1.56746 
1.56746 
1.56746 
1.56746 
1.56746 
1.56746 
1.56746 
1.56746 
1.56746 
1.56746 
1.56746 
1.56746 
1.56746 
1.56746 
1.56746 
1.56746 
1.56746 
1.56746 
1.56746 
1.56746 
1.56746 
1.56746 
1.56746 
1.56746 
1.56746 
1.56746 
1.56746 
1.56746 
1.56746 
1.56746 
1.56746 
1.56746 
1.56746 
1.56746 
1.56746 
1.56746 
1.56746 
1.56746 
1.56746 
1.56746 
1.56746 
1.56746 
1.56746 
1.56746 
1.56746 
1.56746 
1.56746 
1.56746 
1.56746 
1.56746 
1.56746 
1.56746 
1.56746 
1.56746 
1.56746 
1.56746 
1.56746 
1.56746 
1.56746 
1.56746 
1.56746 
1.56746 
1.56746 
1.56746 
1.56746 
1.56746 
1.56746 
1.56746 
1.56746 
1.56746 
1.56746 
1.56746 
1.56746 
1.56746 
1.56746 
1.56746 
1.56746 
1.56746 
1.56746 
1.56746 
1.56746 
1.56746 
1.56746 
1.56746 
1.56746 
1.56746 
1.56746 
1.56746 
1.56746 
1.56746 
1.56746 
1.56746 
1.56746 
1.56746 
1.56746 
1.56746 
1.56746 
1.56746 
1.56746 
1.56746 
1.56746 
1.56746 
1.56746 
1.56746 
1.56746 
1.56746 
1.56746 
1.56746 
1.56746 
1.56746 
1.56746 
1.56746 
1.56746 
1.56746 
1.56746 
1.56746 
1.56746 
1.56746 
1.56746 
1.56746 
1.56746 
1.56746 
1.56746 
1.56746 
1.56746 
1.56746 
1.56746 
1.56746 
1.56746 
1.56746 
1.56746 
1.56746 
1.56746 
1.56746 
1.56746 
1.56746 
1.56746 
1.56746 
1.56746 
1.56746 
1.56746 
1.56746 
1.56746 
1.56746 
1.56746 
1.56746 
1.56746 
1.56746 
1.56746 
1.56746 
1.56746 
1.56746 
1.56746 
1.56746 
1.56746 
1.56746 
1.56746 
1.56746 
1.56746 
1.56746 
1.56746 
1.56746 
1.56746 
1.56746 
1.56746 
1.56746 
1.56746 
1.56746 
1.56746 
1.56746 
1.56746 
1.56746 
1.56746 
1.56746 
1.56746 
1.56746 
1.56746 
