0.003 0.003 0.003 
0.003 0.003 0.003 
0.003 0.003 0.003 
0.003 0.003 0.003 
0.003 0.003 0.003 
0.003 0.003 0.003 
0.003 0.003 0.003 
0.003 0.003 0.003 
0.003 0.003 0.003 
0.003 0.003 0.003 
0.003 0.003 0.003 
0.003 0.003 0.003 
0.003 0.003 0.003 
0.003 0.003 0.003 
0.003 0.003 0.003 
0.003 0.003 0.003 
0.003 0.003 0.003 
0.003 0.003 0.003 
0.003 0.003 0.003 
0.003 0.003 0.003 
0.003 0.003 0.003 
0.003 0.003 0.003 
0.003 0.003 0.003 
0.003 0.003 0.003 
0.003 0.003 0.003 
0.003 0.003 0.003 
0.003 0.003 0.003 
0.003 0.003 0.003 
0.003 0.003 0.003 
0.003 0.003 0.003 
0.003 0.003 0.003 
0.003 0.003 0.003 
0.003 0.003 0.003 
0.003 0.003 0.003 
0.003 0.003 0.003 
0.003 0.003 0.003 
0.003 0.003 0.003 
0.003 0.003 0.003 
0.003 0.003 0.003 
0.003 0.003 0.003 
0.003 0.003 0.003 
0.003 0.003 0.003 
0.003 0.003 0.003 
0.003 0.003 0.003 
0.003 0.003 0.003 
0.003 0.003 0.003 
0.003 0.003 0.003 
0.003 0.003 0.003 
0.003 0.003 0.003 
0.003 0.003 0.003 
0.003 0.003 0.003 
0.003 0.003 0.003 
0.003 0.003 0.003 
0.003 0.003 0.003 
0.003 0.003 0.003 
0.003 0.003 0.003 
0.003 0.003 0.003 
0.003 0.003 0.003 
0.003 0.003 0.003 
0.003 0.003 0.003 
0.003 0.003 0.003 
0.003 0.003 0.003 
0.003 0.003 0.003 
0.003 0.003 0.003 
0.003 0.003 0.003 
0.003 0.003 0.003 
0.003 0.003 0.003 
0.003 0.003 0.003 
0.003 0.003 0.003 
0.003 0.003 0.003 
0.003 0.003 0.003 
0.003 0.003 0.003 
0.003 0.003 0.003 
0.003 0.003 0.003 
0.003 0.003 0.003 
0.003 0.003 0.003 
0.003 0.003 0.003 
0.003 0.003 0.003 
0.003 0.003 0.003 
0.003 0.003 0.003 
0.003 0.003 0.003 
0.003 0.003 0.003 
0.003 0.003 0.003 
0.003 0.003 0.003 
0.003 0.003 0.003 
0.003 0.003 0.003 
0.003 0.003 0.003 
0.003 0.003 0.003 
0.003 0.003 0.003 
0.003 0.003 0.003 
0.003 0.003 0.003 
0.003 0.003 0.003 
0.003 0.003 0.003 
0.003 0.003 0.003 
0.003 0.003 0.003 
0.003 0.003 0.003 
0.003 0.003 0.003 
0.003 0.003 0.003 
0.003 0.003 0.003 
0.003 0.003 0.003 
0.003 0.003 0.003 
0.003 0.003 0.003 
0.003 0.003 0.003 
0.003 0.003 0.003 
0.003 0.003 0.003 
0.003 0.003 0.003 
0.003 0.003 0.003 
0.003 0.003 0.003 
0.003 0.003 0.003 
0.003 0.003 0.003 
0.003 0.003 0.003 
0.003 0.003 0.003 
0.003 0.003 0.003 
0.003 0.003 0.003 
0.003 0.003 0.003 
0.003 0.003 0.003 
0.003 0.003 0.003 
0.003 0.003 0.003 
0.003 0.003 0.003 
0.003 0.003 0.003 
0.003 0.003 0.003 
0.003 0.003 0.003 
0.003 0.003 0.003 
0.003 0.003 0.003 
0.003 0.003 0.003 
0.003 0.003 0.003 
0.003 0.003 0.003 
0.003 0.003 0.003 
0.003 0.003 0.003 
0.003 0.003 0.003 
0.003 0.003 0.003 
0.003 0.003 0.003 
0.003 0.003 0.003 
0.003 0.003 0.003 
0.003 0.003 0.003 
0.003 0.003 0.003 
0.003 0.003 0.003 
0.003 0.003 0.003 
0.003 0.003 0.003 
0.003 0.003 0.003 
0.003 0.003 0.003 
0.003 0.003 0.003 
0.003 0.003 0.003 
0.003 0.003 0.003 
0.003 0.003 0.003 
0.003 0.003 0.003 
0.003 0.003 0.003 
0.003 0.003 0.003 
0.003 0.003 0.003 
0.003 0.003 0.003 
0.003 0.003 0.003 
0.003 0.003 0.003 
0.003 0.003 0.003 
0.003 0.003 0.003 
0.003 0.003 0.003 
0.003 0.003 0.003 
0.003 0.003 0.003 
0.003 0.003 0.003 
0.003 0.003 0.003 
0.003 0.003 0.003 
0.003 0.003 0.003 
0.003 0.003 0.003 
0.003 0.003 0.003 
0.003 0.003 0.003 
0.003 0.003 0.003 
0.003 0.003 0.003 
0.003 0.003 0.003 
0.003 0.003 0.003 
0.003 0.003 0.003 
0.003 0.003 0.003 
0.003 0.003 0.003 
0.003 0.003 0.003 
0.003 0.003 0.003 
0.003 0.003 0.003 
0.003 0.003 0.003 
0.003 0.003 0.003 
0.003 0.003 0.003 
0.003 0.003 0.003 
0.003 0.003 0.003 
0.003 0.003 0.003 
0.003 0.003 0.003 
0.003 0.003 0.003 
0.003 0.003 0.003 
0.003 0.003 0.003 
0.003 0.003 0.003 
0.003 0.003 0.003 
0.003 0.003 0.003 
0.003 0.003 0.003 
0.003 0.003 0.003 
0.003 0.003 0.003 
0.003 0.003 0.003 
0.003 0.003 0.003 
0.003 0.003 0.003 
0.003 0.003 0.003 
0.003 0.003 0.003 
0.003 0.003 0.003 
0.003 0.003 0.003 
0.003 0.003 0.003 
0.003 0.003 0.003 
0.003 0.003 0.003 
0.003 0.003 0.003 
0.003 0.003 0.003 
0.003 0.003 0.003 
0.003 0.003 0.003 
0.003 0.003 0.003 
0.003 0.003 0.003 
0.003 0.003 0.003 
0.003 0.003 0.003 
0.003 0.003 0.003 
0.003 0.003 0.003 
0.003 0.003 0.003 
0.003 0.003 0.003 
0.003 0.003 0.003 
0.003 0.003 0.003 
0.003 0.003 0.003 
0.003 0.003 0.003 
0.003 0.003 0.003 
0.003 0.003 0.003 
0.003 0.003 0.003 
0.003 0.003 0.003 
0.003 0.003 0.003 
0.003 0.003 0.003 
0.003 0.003 0.003 
0.003 0.003 0.003 
0.003 0.003 0.003 
0.003 0.003 0.003 
0.003 0.003 0.003 
0.003 0.003 0.003 
0.003 0.003 0.003 
0.003 0.003 0.003 
0.00264985 0.003 0.003 
0.00228177 0.003 0.003 
0.00190944 0.003 0.003 
0.0015328 0.003 0.003 
0.00115179 0.003 0.003 
0.000766362 0.003 0.003 
0.000376431 0.003 0.003 
0.0001 0.003 0.003 
0.0001 0.003 0.003 
0.0001 0.003 0.003 
0.0001 0.003 0.003 
0.0001 0.003 0.003 
0.0001 0.003 0.003 
0.0001 0.003 0.003 
0.0001 0.003 0.003 
0.0001 0.003 0.003 
0.0001 0.003 0.003 
0.0001 0.003 0.003 
0.0001 0.003 0.003 
0.0001 0.003 0.003 
0.0001 0.003 0.003 
0.0001 0.003 0.003 
0.0001 0.003 0.003 
0.0001 0.003 0.003 
0.0001 0.003 0.003 
0.0001 0.003 0.003 
0.0001 0.003 0.003 
0.0001 0.003 0.003 
0.0001 0.003 0.003 
0.0001 0.003 0.003 
0.0001 0.003 0.003 
0.0001 0.003 0.003 
0.0001 0.003 0.003 
0.0001 0.003 0.003 
0.0001 0.003 0.003 
0.0001 0.003 0.003 
0.0001 0.003 0.003 
0.0001 0.003 0.003 
0.0001 0.003 0.003 
0.0001 0.003 0.003 
0.0001 0.003 0.003 
0.0001 0.003 0.003 
0.0001 0.003 0.003 
0.0001 0.003 0.003 
0.0001 0.003 0.003 
0.0001 0.003 0.003 
0.0001 0.003 0.003 
0.0001 0.003 0.003 
0.0001 0.003 0.003 
0.0001 0.003 0.003 
0.0001 0.003 0.003 
0.0001 0.003 0.003 
0.0001 0.003 0.003 
0.0001 0.003 0.003 
0.0001 0.003 0.003 
0.0001 0.003 0.003 
0.0001 0.003 0.003 
0.0001 0.003 0.003 
0.0001 0.003 0.003 
0.0001 0.003 0.003 
0.0001 0.003 0.003 
0.0001 0.003 0.003 
0.0001 0.003 0.003 
0.0001 0.003 0.003 
0.0001 0.003 0.003 
0.0001 0.003 0.003 
0.0001 0.003 0.003 
0.0001 0.003 0.003 
0.0001 0.003 0.003 
0.0001 0.003 0.003 
0.0001 0.003 0.003 
0.0001 0.003 0.003 
0.0001 0.003 0.003 
0.0001 0.003 0.003 
0.0001 0.003 0.003 
0.0001 0.003 0.003 
0.0001 0.003 0.003 
0.0001 0.003 0.003 
0.0001 0.003 0.003 
0.0001 0.003 0.003 
0.0001 0.003 0.003 
0.0001 0.003 0.003 
0.0001 0.003 0.003 
0.0001 0.003 0.003 
0.0001 0.003 0.003 
0.0001 0.003 0.003 
0.0001 0.003 0.003 
0.0001 0.003 0.003 
0.0001 0.003 0.003 
0.0001 0.003 0.003 
0.0001 0.003 0.003 
0.0001 0.003 0.003 
0.0001 0.003 0.003 
0.0001 0.003 0.003 
0.0001 0.003 0.003 
0.0001 0.003 0.003 
0.0001 0.003 0.003 
0.0001 0.003 0.003 
0.0001 0.003 0.003 
0.0001 0.003 0.003 
0.0001 0.003 0.003 
0.0001 0.003 0.003 
0.0001 0.003 0.003 
0.0001 0.003 0.003 
0.0001 0.003 0.003 
0.0001 0.003 0.003 
0.0001 0.003 0.003 
0.0001 0.003 0.003 
0.0001 0.003 0.003 
0.0001 0.003 0.003 
0.0001 0.003 0.003 
0.0001 0.003 0.003 
0.0001 0.003 0.003 
0.0001 0.003 0.003 
0.0001 0.003 0.003 
0.0001 0.003 0.003 
0.0001 0.003 0.003 
0.0001 0.003 0.003 
0.0001 0.003 0.003 
0.0001 0.003 0.003 
0.0001 0.003 0.003 
0.0001 0.003 0.003 
0.0001 0.003 0.003 
0.0001 0.003 0.003 
0.0001 0.003 0.003 
0.0001 0.003 0.003 
0.0001 0.003 0.003 
0.0001 0.003 0.003 
0.0001 0.003 0.003 
0.0001 0.003 0.003 
0.0001 0.003 0.003 
0.0001 0.003 0.003 
0.0001 0.003 0.003 
0.0001 0.003 0.003 
0.0001 0.003 0.003 
0.0001 0.003 0.003 
0.0001 0.003 0.003 
0.0001 0.003 0.003 
0.0001 0.003 0.003 
0.0001 0.003 0.003 
0.0001 0.003 0.003 
0.0001 0.003 0.003 
0.0001 0.003 0.003 
0.0001 0.003 0.003 
0.0001 0.003 0.003 
0.0001 0.003 0.003 
0.0001 0.003 0.003 
0.0001 0.003 0.003 
0.0001 0.003 0.003 
0.0001 0.003 0.003 
0.0001 0.003 0.003 
0.0001 0.003 0.003 
0.0001 0.003 0.003 
0.0001 0.003 0.003 
0.0001 0.003 0.003 
0.0001 0.003 0.003 
0.0001 0.003 0.003 
0.0001 0.003 0.003 
0.0001 0.003 0.003 
0.0001 0.003 0.003 
0.0001 0.003 0.003 
0.0001 0.003 0.003 
0.0001 0.003 0.003 
0.0001 0.003 0.003 
0.0001 0.003 0.003 
0.0001 0.003 0.003 
0.0001 0.003 0.003 
0.0001 0.003 0.003 
0.0001 0.003 0.003 
0.0001 0.003 0.003 
0.0001 0.003 0.003 
0.0001 0.003 0.003 
0.0001 0.003 0.003 
0.0001 0.003 0.003 
0.0001 0.003 0.003 
0.0001 0.003 0.003 
0.0001 0.003 0.003 
0.0001 0.003 0.003 
0.0001 0.003 0.003 
0.0001 0.003 0.003 
0.0001 0.003 0.003 
0.0001 0.003 0.003 
0.0001 0.003 0.003 
0.0001 0.003 0.003 
0.0001 0.003 0.003 
0.0001 0.003 0.003 
0.0001 0.003 0.003 
0.0001 0.003 0.003 
0.0001 0.003 0.003 
0.0001 0.003 0.003 
0.0001 0.003 0.003 
0.0001 0.003 0.003 
0.0001 0.003 0.003 
0.0001 0.003 0.003 
0.0001 0.003 0.003 
0.0001 0.003 0.003 
0.0001 0.003 0.003 
0.0001 0.003 0.003 
0.0001 0.003 0.003 
0.0001 0.003 0.003 
0.0001 0.003 0.003 
0.0001 0.003 0.003 
0.0001 0.003 0.003 
0.0001 0.003 0.003 
0.0001 0.003 0.003 
0.0001 0.003 0.003 
0.0001 0.003 0.003 
0.0001 0.003 0.003 
0.0001 0.003 0.003 
0.0001 0.003 0.003 
0.0001 0.003 0.003 
0.0001 0.003 0.003 
0.0001 0.003 0.003 
0.0001 0.003 0.003 
0.0001 0.003 0.003 
0.0001 0.003 0.003 
0.0001 0.003 0.003 
0.0001 0.003 0.003 
0.0001 0.003 0.003 
0.0001 0.003 0.003 
0.0001 0.003 0.003 
0.0001 0.003 0.003 
0.0001 0.003 0.003 
0.0001 0.003 0.003 
0.0001 0.003 0.003 
0.0001 0.003 0.003 
0.0001 0.003 0.003 
0.0001 0.003 0.003 
0.0001 0.003 0.003 
0.0001 0.003 0.003 
0.0001 0.003 0.003 
0.0001 0.003 0.003 
0.0001 0.003 0.003 
0.0001 0.003 0.003 
0.0001 0.003 0.003 
0.0001 0.003 0.003 
0.0001 0.003 0.003 
0.0001 0.003 0.003 
0.0001 0.003 0.003 
0.0001 0.003 0.003 
0.0001 0.003 0.003 
0.0001 0.003 0.003 
0.0001 0.003 0.003 
0.0001 0.003 0.003 
0.0001 0.003 0.003 
0.0001 0.003 0.003 
0.0001 0.003 0.003 
0.0001 0.003 0.003 
0.0001 0.003 0.003 
0.0001 0.003 0.003 
0.0001 0.003 0.003 
0.0001 0.003 0.003 
0.0001 0.003 0.003 
0.0001 0.003 0.003 
0.0001 0.003 0.003 
0.0001 0.003 0.003 
0.0001 0.003 0.003 
0.0001 0.003 0.003 
0.0001 0.003 0.003 
0.0001 0.003 0.003 
0.0001 0.003 0.003 
0.0001 0.003 0.003 
0.0001 0.003 0.003 
0.0001 0.003 0.003 
0.0001 0.003 0.003 
0.0001 0.003 0.003 
0.0001 0.003 0.003 
0.0001 0.003 0.003 
0.0001 0.003 0.003 
0.0001 0.003 0.003 
0.0001 0.003 0.003 
0.0001 0.003 0.003 
0.0001 0.003 0.003 
0.0001 0.003 0.003 
0.0001 0.003 0.003 
0.0001 0.003 0.003 
0.0001 0.003 0.003 
0.0001 0.003 0.003 
0.0001 0.003 0.003 
0.0001 0.003 0.003 
0.0001 0.003 0.003 
0.0001 0.003 0.003 
0.0001 0.003 0.003 
0.0001 0.003 0.003 
0.0001 0.003 0.003 
0.0001 0.003 0.003 
0.0001 0.003 0.003 
0.0001 0.003 0.003 
0.0001 0.003 0.003 
0.0001 0.003 0.003 
0.0001 0.003 0.003 
0.0001 0.003 0.003 
0.0001 0.003 0.003 
0.0001 0.003 0.003 
0.0001 0.003 0.003 
0.0001 0.003 0.003 
0.0001 0.003 0.003 
0.0001 0.003 0.003 
0.0001 0.003 0.003 
0.0001 0.003 0.003 
0.0001 0.003 0.003 
0.0001 0.003 0.003 
0.0001 0.003 0.003 
0.0001 0.003 0.003 
0.0001 0.003 0.003 
0.0001 0.003 0.003 
0.0001 0.003 0.003 
0.0001 0.003 0.003 
0.0001 0.003 0.003 
0.0001 0.003 0.003 
0.0001 0.003 0.003 
0.0001 0.003 0.003 
0.0001 0.003 0.003 
0.0001 0.003 0.003 
0.0001 0.003 0.003 
0.0001 0.003 0.003 
0.0001 0.003 0.003 
0.0001 0.003 0.003 
0.0001 0.003 0.003 
0.0001 0.003 0.003 
0.0001 0.003 0.003 
0.0001 0.003 0.003 
0.0001 0.003 0.003 
0.0001 0.003 0.003 
0.0001 0.003 0.003 
0.0001 0.003 0.003 
0.0001 0.003 0.003 
0.0001 0.003 0.003 
0.0001 0.003 0.003 
0.0001 0.003 0.003 
0.0001 0.003 0.003 
0.0001 0.003 0.003 
0.0001 0.003 0.003 
0.0001 0.003 0.003 
0.0001 0.003 0.003 
0.0001 0.003 0.003 
0.0001 0.003 0.003 
0.0001 0.003 0.003 
0.0001 0.003 0.003 
0.0001 0.003 0.003 
0.0001 0.003 0.003 
0.0001 0.003 0.003 
0.0001 0.003 0.003 
0.0001 0.003 0.003 
0.0001 0.003 0.003 
0.0001 0.003 0.003 
0.0001 0.003 0.003 
0.0001 0.003 0.003 
0.0001 0.003 0.003 
0.0001 0.003 0.003 
0.0001 0.003 0.003 
0.0001 0.003 0.003 
0.0001 0.003 0.003 
0.0001 0.003 0.003 
0.0001 0.003 0.003 
0.0001 0.003 0.003 
0.0001 0.003 0.003 
0.0001 0.003 0.003 
0.0001 0.003 0.003 
0.0001 0.003 0.003 
0.0001 0.003 0.003 
0.0001 0.003 0.003 
0.0001 0.003 0.003 
0.0001 0.003 0.003 
0.0001 0.003 0.003 
0.0001 0.003 0.003 
0.0001 0.003 0.003 
0.0001 0.003 0.003 
0.0001 0.003 0.003 
0.0001 0.003 0.003 
0.0001 0.003 0.003 
0.0001 0.003 0.003 
0.0001 0.003 0.003 
0.0001 0.003 0.003 
0.0001 0.003 0.003 
0.0001 0.003 0.003 
0.0001 0.003 0.003 
0.0001 0.003 0.003 
0.0001 0.003 0.003 
0.0001 0.003 0.003 
0.0001 0.003 0.003 
0.0001 0.003 0.003 
0.0001 0.003 0.003 
0.0001 0.003 0.003 
0.0001 0.003 0.003 
0.0001 0.003 0.003 
0.0001 0.003 0.003 
0.0001 0.003 0.003 
0.0001 0.003 0.003 
0.0001 0.003 0.003 
0.0001 0.003 0.003 
0.0001 0.003 0.003 
0.0001 0.003 0.003 
0.0001 0.003 0.003 
0.0001 0.003 0.003 
0.0001 0.003 0.003 
0.0001 0.003 0.003 
0.0001 0.003 0.003 
0.0001 0.003 0.003 
0.0001 0.003 0.003 
0.0001 0.003 0.003 
0.0001 0.003 0.003 
0.0001 0.003 0.003 
0.0001 0.003 0.003 
0.0001 0.003 0.003 
0.0001 0.003 0.003 
0.0001 0.003 0.003 
0.0001 0.003 0.003 
0.0001 0.003 0.003 
0.0001 0.003 0.003 
0.0001 0.003 0.003 
0.0001 0.003 0.003 
0.0001 0.003 0.003 
0.0001 0.003 0.003 
0.0001 0.003 0.003 
0.0001 0.003 0.003 
0.0001 0.003 0.003 
0.0001 0.003 0.003 
0.0001 0.003 0.003 
0.0001 0.003 0.003 
0.0001 0.003 0.003 
0.0001 0.003 0.003 
0.0001 0.003 0.003 
0.0001 0.003 0.003 
0.0001 0.003 0.003 
0.0001 0.003 0.003 
0.0001 0.003 0.003 
0.0001 0.003 0.003 
0.0001 0.003 0.003 
0.0001 0.003 0.003 
0.0001 0.003 0.003 
0.0001 0.003 0.003 
0.0001 0.003 0.003 
0.0001 0.003 0.003 
0.0001 0.003 0.003 
0.0001 0.003 0.003 
0.0001 0.003 0.003 
0.0001 0.003 0.003 
0.0001 0.003 0.003 
0.0001 0.003 0.003 
0.0001 0.003 0.003 
0.0001 0.003 0.003 
0.0001 0.003 0.003 
0.0001 0.003 0.003 
0.0001 0.003 0.003 
0.0001 0.003 0.003 
0.0001 0.003 0.003 
0.0001 0.003 0.003 
0.0001 0.003 0.003 
0.0001 0.003 0.003 
0.0001 0.003 0.003 
0.0001 0.003 0.003 
0.0001 0.003 0.003 
0.0001 0.003 0.003 
0.0001 0.003 0.003 
0.0001 0.003 0.003 
0.0001 0.003 0.003 
0.0001 0.003 0.003 
0.0001 0.003 0.003 
0.0001 0.003 0.003 
0.0001 0.003 0.003 
0.0001 0.003 0.003 
0.0001 0.003 0.003 
0.0001 0.003 0.003 
0.0001 0.003 0.003 
0.0001 0.003 0.003 
0.0001 0.003 0.003 
0.0001 0.003 0.003 
0.0001 0.003 0.003 
0.0001 0.003 0.003 
0.0001 0.003 0.003 
0.0001 0.003 0.003 
0.0001 0.003 0.003 
0.0001 0.003 0.003 
0.0001 0.003 0.003 
0.0001 0.003 0.003 
0.0001 0.003 0.003 
0.0001 0.003 0.003 
0.0001 0.003 0.003 
0.0001 0.003 0.003 
0.0001 0.003 0.003 
0.0001 0.003 0.003 
0.0001 0.003 0.003 
0.0001 0.003 0.003 
0.0001 0.003 0.003 
0.0001 0.003 0.003 
0.0001 0.003 0.003 
0.0001 0.003 0.003 
0.0001 0.003 0.003 
0.0001 0.003 0.003 
0.0001 0.003 0.003 
0.0001 0.003 0.003 
0.0001 0.003 0.003 
0.0001 0.003 0.003 
0.0001 0.003 0.003 
0.0001 0.003 0.003 
0.0001 0.003 0.003 
0.0001 0.003 0.003 
0.0001 0.003 0.003 
0.0001 0.003 0.003 
0.0001 0.003 0.003 
0.0001 0.003 0.003 
0.0001 0.003 0.003 
0.0001 0.003 0.003 
0.0001 0.003 0.003 
0.0001 0.003 0.003 
0.0001 0.003 0.003 
0.0001 0.003 0.003 
0.0001 0.003 0.003 
0.0001 0.003 0.003 
0.0001 0.003 0.003 
0.0001 0.003 0.003 
0.0001 0.003 0.003 
0.0001 0.003 0.003 
0.0001 0.003 0.003 
0.0001 0.003 0.003 
0.0001 0.003 0.003 
0.0001 0.003 0.003 
0.0001 0.003 0.003 
0.0001 0.003 0.003 
0.0001 0.003 0.003 
0.0001 0.003 0.003 
0.0001 0.003 0.003 
0.0001 0.003 0.003 
0.0001 0.003 0.003 
0.0001 0.003 0.003 
0.0001 0.003 0.003 
0.0001 0.003 0.003 
0.0001 0.003 0.003 
0.0001 0.003 0.003 
0.0001 0.003 0.003 
0.0001 0.003 0.003 
0.0001 0.003 0.003 
0.0001 0.003 0.003 
0.0001 0.003 0.003 
0.0001 0.003 0.003 
0.0001 0.003 0.003 
0.0001 0.003 0.003 
0.0001 0.003 0.003 
0.0001 0.003 0.003 
0.0001 0.003 0.003 
0.0001 0.003 0.003 
0.0001 0.003 0.003 
0.0001 0.003 0.003 
0.0001 0.003 0.003 
0.0001 0.003 0.003 
0.0001 0.003 0.003 
0.0001 0.003 0.003 
0.0001 0.003 0.003 
0.0001 0.003 0.003 
0.0001 0.003 0.003 
0.0001 0.003 0.003 
0.0001 0.003 0.003 
0.0001 0.003 0.003 
0.0001 0.003 0.003 
0.0001 0.003 0.003 
0.0001 0.003 0.003 
0.0001 0.003 0.003 
0.0001 0.003 0.003 
0.0001 0.003 0.003 
0.0001 0.003 0.003 
0.0001 0.003 0.003 
0.0001 0.003 0.003 
0.0001 0.003 0.003 
0.0001 0.003 0.003 
0.0001 0.003 0.003 
0.0001 0.003 0.003 
0.0001 0.003 0.003 
0.0001 0.003 0.003 
0.0001 0.003 0.003 
0.0001 0.003 0.003 
0.0001 0.003 0.003 
0.0001 0.003 0.003 
0.0001 0.003 0.003 
0.0001 0.003 0.003 
0.0001 0.003 0.003 
0.0001 0.003 0.003 
0.0001 0.003 0.003 
0.0001 0.003 0.003 
0.0001 0.003 0.003 
0.0001 0.003 0.003 
0.0001 0.003 0.003 
0.0001 0.003 0.003 
0.0001 0.003 0.003 
0.0001 0.003 0.003 
0.0001 0.003 0.003 
0.0001 0.003 0.003 
0.0001 0.003 0.003 
0.0001 0.003 0.003 
0.0001 0.003 0.003 
0.0001 0.003 0.003 
0.0001 0.003 0.003 
0.0001 0.003 0.003 
0.0001 0.003 0.003 
0.0001 0.003 0.003 
0.0001 0.003 0.003 
0.0001 0.003 0.003 
0.0001 0.003 0.003 
0.0001 0.003 0.003 
0.0001 0.003 0.003 
0.0001 0.003 0.003 
0.0001 0.003 0.003 
0.0001 0.003 0.003 
0.0001 0.003 0.003 
0.0001 0.003 0.003 
0.0001 0.003 0.003 
0.0001 0.003 0.003 
0.0001 0.003 0.003 
0.0001 0.003 0.003 
0.0001 0.003 0.003 
0.0001 0.003 0.003 
0.0001 0.003 0.003 
0.0001 0.003 0.003 
0.0001 0.003 0.003 
0.0001 0.003 0.003 
0.0001 0.003 0.003 
0.0001 0.003 0.003 
0.0001 0.003 0.003 
0.0001 0.003 0.003 
0.0001 0.003 0.003 
0.0001 0.003 0.003 
0.0001 0.003 0.003 
0.0001 0.003 0.003 
0.0001 0.003 0.003 
0.0001 0.003 0.003 
0.0001 0.003 0.003 
0.0001 0.003 0.003 
0.0001 0.00286999 0.003 
0.0001 0.00250448 0.003 
0.0001 0.00213476 0.003 
0.0001 0.00176077 0.003 
0.0001 0.00138245 0.003 
0.0001 0.00099974 0.003 
0.0001 0.000612573 0.003 
0.0001 0.000220879 0.003 
0.0001 0.000100031 0.003 
0.0001 0.000100036 0.003 
0.0001 0.000100042 0.003 
0.0001 0.000100048 0.003 
0.0001 0.000100054 0.003 
0.0001 0.00010006 0.003 
0.0001 0.000100066 0.003 
0.0001 0.000100071 0.003 
0.0001 0.000100077 0.003 
0.0001 0.000100083 0.003 
0.0001 0.000100089 0.003 
0.0001 0.000100095 0.003 
0.0001 0.000100101 0.003 
0.0001 0.000100107 0.003 
0.0001 0.000100113 0.003 
0.0001 0.000100119 0.003 
0.0001 0.000100125 0.003 
0.0001 0.000100131 0.003 
0.0001 0.000100137 0.003 
0.0001 0.000100143 0.003 
0.0001 0.000100149 0.003 
0.0001 0.000100155 0.003 
0.0001 0.000100161 0.003 
0.0001 0.000100168 0.003 
0.0001 0.000100174 0.003 
0.0001 0.00010018 0.003 
0.0001 0.000100187 0.003 
0.0001 0.000100193 0.003 
0.0001 0.0001002 0.003 
0.0001 0.000100206 0.003 
0.0001 0.000100213 0.003 
0.0001 0.00010022 0.003 
0.0001 0.000100227 0.003 
0.0001 0.000100234 0.003 
0.0001 0.000100241 0.003 
0.0001 0.000100248 0.003 
0.0001 0.000100255 0.003 
0.0001 0.000100262 0.003 
0.0001 0.00010027 0.003 
0.0001 0.000100277 0.003 
0.0001 0.000100285 0.003 
0.0001 0.000100292 0.003 
0.0001 0.0001003 0.003 
0.0001 0.000100308 0.003 
0.0001 0.000100316 0.003 
0.0001 0.000100324 0.003 
0.0001 0.000100332 0.003 
0.0001 0.00010034 0.003 
0.0001 0.000100349 0.003 
0.0001 0.000100357 0.003 
0.0001 0.000100366 0.003 
0.0001 0.000100375 0.003 
0.0001 0.000100384 0.003 
0.0001 0.000100393 0.003 
0.0001 0.000100402 0.003 
0.0001 0.000100411 0.003 
0.0001 0.000100421 0.003 
0.0001 0.000100431 0.003 
0.0001 0.00010044 0.003 
0.0001 0.00010045 0.003 
0.0001 0.000100461 0.003 
0.0001 0.000100471 0.003 
0.0001 0.000100481 0.003 
0.0001 0.000100492 0.003 
0.0001 0.000100503 0.003 
0.0001 0.000100514 0.003 
0.0001 0.000100525 0.003 
0.0001 0.000100537 0.003 
0.0001 0.000100548 0.003 
0.0001 0.00010056 0.003 
0.0001 0.000100572 0.003 
0.0001 0.000100584 0.003 
0.0001 0.000100597 0.003 
0.0001 0.000100609 0.003 
0.0001 0.000100622 0.003 
0.0001 0.000100636 0.003 
0.0001 0.000100649 0.003 
0.0001 0.000100662 0.003 
0.0001 0.000100676 0.003 
0.0001 0.00010069 0.003 
0.0001 0.000100705 0.003 
0.0001 0.000100719 0.003 
0.0001 0.000100734 0.003 
0.0001 0.000100749 0.003 
0.0001 0.000100765 0.003 
0.0001 0.00010078 0.003 
0.0001 0.000100796 0.003 
0.0001 0.000100813 0.003 
0.0001 0.000100829 0.003 
0.0001 0.000100846 0.003 
0.0001 0.000100863 0.003 
0.0001 0.000100881 0.003 
0.0001 0.000100898 0.003 
0.0001 0.000100916 0.003 
0.0001 0.000100935 0.003 
0.0001 0.000100954 0.003 
0.0001 0.000100973 0.003 
0.0001 0.000100992 0.003 
0.0001 0.000101012 0.003 
0.0001 0.000101032 0.003 
0.0001 0.000101053 0.003 
0.0001 0.000101074 0.003 
0.0001 0.000101095 0.003 
0.0001 0.000101117 0.003 
0.0001 0.000101139 0.003 
0.0001 0.000101162 0.003 
0.0001 0.000101185 0.003 
0.0001 0.000101208 0.003 
0.0001 0.000101232 0.003 
0.0001 0.000101256 0.003 
0.0001 0.000101281 0.003 
0.0001 0.000101306 0.003 
0.0001 0.000101332 0.003 
0.0001 0.000101358 0.003 
0.0001 0.000101385 0.003 
0.0001 0.000101412 0.003 
0.0001 0.00010144 0.003 
0.0001 0.000101468 0.003 
0.0001 0.000101496 0.003 
0.0001 0.000101526 0.003 
0.0001 0.000101555 0.003 
0.0001 0.000101586 0.003 
0.0001 0.000101617 0.003 
0.0001 0.000101648 0.003 
0.0001 0.00010168 0.003 
0.0001 0.000101713 0.003 
0.0001 0.000101746 0.003 
0.0001 0.00010178 0.003 
0.0001 0.000101814 0.003 
0.0001 0.00010185 0.003 
0.0001 0.000101885 0.003 
0.0001 0.000101922 0.003 
0.0001 0.000101959 0.003 
0.0001 0.000101997 0.003 
0.0001 0.000102035 0.003 
0.0001 0.000102074 0.003 
0.0001 0.000102114 0.003 
0.0001 0.000102155 0.003 
0.0001 0.000102196 0.003 
0.0001 0.000102239 0.003 
0.0001 0.000102282 0.003 
0.0001 0.000102325 0.003 
0.0001 0.00010237 0.003 
0.0001 0.000102415 0.003 
0.0001 0.000102462 0.003 
0.0001 0.000102509 0.003 
0.0001 0.000102557 0.003 
0.0001 0.000102606 0.003 
0.0001 0.000102655 0.003 
0.0001 0.000102706 0.003 
0.0001 0.000102757 0.003 
0.0001 0.00010281 0.003 
0.0001 0.000102863 0.003 
0.0001 0.000102918 0.003 
0.0001 0.000102973 0.003 
0.0001 0.00010303 0.003 
0.0001 0.000103087 0.003 
0.0001 0.000103146 0.003 
0.0001 0.000103205 0.003 
0.0001 0.000103266 0.003 
0.0001 0.000103328 0.003 
0.0001 0.000103391 0.003 
0.0001 0.000103455 0.003 
0.0001 0.00010352 0.003 
0.0001 0.000103586 0.003 
0.0001 0.000103654 0.003 
0.0001 0.000103722 0.003 
0.0001 0.000103792 0.003 
0.0001 0.000103863 0.003 
0.0001 0.000103936 0.003 
0.0001 0.00010401 0.003 
0.0001 0.000104085 0.003 
0.0001 0.000104161 0.003 
0.0001 0.000104239 0.003 
0.0001 0.000104318 0.003 
0.0001 0.000104399 0.003 
0.0001 0.000104481 0.003 
0.0001 0.000104564 0.003 
0.0001 0.000104649 0.003 
0.0001 0.000104735 0.003 
0.0001 0.000104823 0.003 
0.0001 0.000104913 0.003 
0.0001 0.000105004 0.003 
0.0001 0.000105096 0.003 
0.0001 0.000105191 0.003 
0.0001 0.000105286 0.003 
0.0001 0.000105384 0.003 
0.0001 0.000105483 0.003 
0.0001 0.000105584 0.003 
0.0001 0.000105687 0.003 
0.0001 0.000105791 0.003 
0.0001 0.000105897 0.003 
0.0001 0.000106005 0.003 
0.0001 0.000106115 0.003 
0.0001 0.000106227 0.003 
0.0001 0.000106341 0.003 
0.0001 0.000106456 0.003 
0.0001 0.000106574 0.003 
0.0001 0.000106693 0.003 
0.0001 0.000106815 0.003 
0.0001 0.000106938 0.003 
0.0001 0.000107064 0.003 
0.0001 0.000107191 0.003 
0.0001 0.000107321 0.003 
0.0001 0.000107453 0.003 
0.0001 0.000107587 0.003 
0.0001 0.000107723 0.003 
0.0001 0.000107862 0.003 
0.0001 0.000108003 0.003 
0.0001 0.000108146 0.003 
0.0001 0.000108291 0.003 
0.0001 0.000108439 0.003 
0.0001 0.000108589 0.003 
0.0001 0.000108742 0.003 
0.0001 0.000108897 0.003 
0.0001 0.000109054 0.003 
0.0001 0.000109214 0.003 
0.0001 0.000109377 0.003 
0.0001 0.000109542 0.003 
0.0001 0.000109709 0.003 
0.0001 0.000109879 0.003 
0.0001 0.000110052 0.003 
0.0001 0.000110228 0.003 
0.0001 0.000110406 0.003 
0.0001 0.000110587 0.003 
0.0001 0.000110771 0.003 
0.0001 0.000110957 0.003 
0.0001 0.000111147 0.003 
0.0001 0.000111339 0.003 
0.0001 0.000111534 0.003 
0.0001 0.000111732 0.003 
0.0001 0.000111933 0.003 
0.0001 0.000112137 0.003 
0.0001 0.000112344 0.003 
0.0001 0.000112554 0.003 
0.0001 0.000112767 0.003 
0.0001 0.000112983 0.003 
0.0001 0.000113202 0.003 
0.0001 0.000113424 0.003 
0.0001 0.00011365 0.003 
0.0001 0.000113878 0.003 
0.0001 0.00011411 0.003 
0.0001 0.000114345 0.003 
0.0001 0.000114583 0.003 
0.0001 0.000114825 0.003 
0.0001 0.000115069 0.003 
0.0001 0.000115317 0.003 
0.0001 0.000115569 0.003 
0.0001 0.000115824 0.003 
0.0001 0.000116082 0.003 
0.0001 0.000116343 0.003 
0.0001 0.000116608 0.003 
0.0001 0.000116877 0.003 
0.0001 0.000117148 0.003 
0.0001 0.000117424 0.003 
0.0001 0.000117702 0.003 
0.0001 0.000117985 0.003 
0.0001 0.00011827 0.003 
0.0001 0.000118559 0.003 
0.0001 0.000118852 0.003 
0.0001 0.000119148 0.003 
0.0001 0.000119448 0.003 
0.0001 0.000119752 0.003 
0.0001 0.000120058 0.003 
0.0001 0.000120369 0.003 
0.0001 0.000120683 0.003 
0.0001 0.000121 0.003 
0.0001 0.000121321 0.003 
0.0001 0.000121646 0.003 
0.0001 0.000121974 0.003 
0.0001 0.000122306 0.003 
0.0001 0.000122641 0.003 
0.0001 0.00012298 0.003 
0.0001 0.000123323 0.003 
0.0001 0.000123669 0.003 
0.0001 0.000124018 0.003 
0.0001 0.000124371 0.003 
0.0001 0.000124727 0.003 
0.0001 0.000125087 0.003 
0.0001 0.000125451 0.003 
0.0001 0.000125818 0.003 
0.0001 0.000126188 0.003 
0.0001 0.000126562 0.003 
0.0001 0.000126939 0.003 
0.0001 0.000127319 0.003 
0.0001 0.000127703 0.003 
0.0001 0.00012809 0.003 
0.0001 0.00012848 0.003 
0.0001 0.000128874 0.003 
0.0001 0.00012927 0.003 
0.0001 0.00012967 0.003 
0.0001 0.000130073 0.003 
0.0001 0.00013048 0.003 
0.0001 0.000130889 0.003 
0.0001 0.000131301 0.003 
0.0001 0.000131716 0.003 
0.0001 0.000132135 0.003 
0.0001 0.000132556 0.003 
0.0001 0.000132979 0.003 
0.0001 0.000133406 0.003 
0.0001 0.000133836 0.003 
0.0001 0.000134268 0.003 
0.0001 0.000134702 0.003 
0.0001 0.00013514 0.003 
0.0001 0.000135579 0.003 
0.0001 0.000136021 0.003 
0.0001 0.000136466 0.003 
0.0001 0.000136913 0.003 
0.0001 0.000137362 0.003 
0.0001 0.000137813 0.003 
0.0001 0.000138267 0.003 
0.0001 0.000138722 0.003 
0.0001 0.00013918 0.003 
0.0001 0.000139639 0.003 
0.0001 0.0001401 0.003 
0.0001 0.000140563 0.003 
0.0001 0.000141028 0.003 
0.0001 0.000141494 0.003 
0.0001 0.000141962 0.003 
0.0001 0.000142431 0.003 
0.0001 0.000142902 0.003 
0.0001 0.000143374 0.003 
0.0001 0.000143847 0.003 
0.0001 0.000144321 0.003 
0.0001 0.000144796 0.003 
0.0001 0.000145273 0.003 
0.0001 0.00014575 0.003 
0.0001 0.000146228 0.003 
0.0001 0.000146706 0.003 
0.0001 0.000147185 0.003 
0.0001 0.000147665 0.003 
0.0001 0.000148145 0.003 
0.0001 0.000148625 0.003 
0.0001 0.000149106 0.003 
0.0001 0.000149587 0.003 
0.0001 0.000150068 0.003 
0.0001 0.000150549 0.003 
0.0001 0.00015103 0.003 
0.0001 0.00015151 0.003 
0.0001 0.000151991 0.003 
0.0001 0.000152471 0.003 
0.0001 0.00015295 0.003 
0.0001 0.000153429 0.003 
0.0001 0.000153907 0.003 
0.0001 0.000154385 0.003 
0.0001 0.000154862 0.003 
0.0001 0.000155338 0.003 
0.0001 0.000155813 0.003 
0.0001 0.000156287 0.003 
0.0001 0.000156759 0.003 
0.0001 0.000157231 0.003 
0.0001 0.000157701 0.003 
0.0001 0.00015817 0.003 
0.0001 0.000158637 0.003 
0.0001 0.000159103 0.003 
0.0001 0.000159567 0.003 
0.0001 0.000160029 0.003 
0.0001 0.00016049 0.003 
0.0001 0.000160949 0.003 
0.0001 0.000161406 0.003 
0.0001 0.000161861 0.003 
0.0001 0.000162314 0.003 
0.0001 0.000162764 0.003 
0.0001 0.000163213 0.003 
0.0001 0.000163659 0.003 
0.0001 0.000164103 0.003 
0.0001 0.000164544 0.003 
0.0001 0.000164983 0.003 
0.0001 0.00016542 0.003 
0.0001 0.000165854 0.003 
0.0001 0.000166285 0.003 
0.0001 0.000166713 0.003 
0.0001 0.000167139 0.003 
0.0001 0.000167562 0.003 
0.0001 0.000167982 0.003 
0.0001 0.0001684 0.003 
0.0001 0.000168814 0.003 
0.0001 0.000169225 0.003 
0.0001 0.000169634 0.003 
0.0001 0.000170039 0.003 
0.0001 0.000170441 0.003 
0.0001 0.00017084 0.003 
0.0001 0.000171236 0.003 
0.0001 0.000171628 0.003 
0.0001 0.000172018 0.003 
0.0001 0.000172404 0.003 
0.0001 0.000172787 0.003 
0.0001 0.000173166 0.003 
0.0001 0.000173542 0.003 
0.0001 0.000173915 0.003 
0.0001 0.000174284 0.003 
0.0001 0.00017465 0.003 
0.0001 0.000175012 0.003 
0.0001 0.000175371 0.003 
0.0001 0.000175726 0.003 
0.0001 0.000176078 0.003 
0.0001 0.000176427 0.003 
0.0001 0.000176772 0.003 
0.0001 0.000177113 0.003 
0.0001 0.000177451 0.003 
0.0001 0.000177785 0.003 
0.0001 0.000178116 0.003 
0.0001 0.000178443 0.003 
0.0001 0.000178767 0.003 
0.0001 0.000179087 0.003 
0.0001 0.000179403 0.003 
0.0001 0.000179716 0.003 
0.0001 0.000180025 0.003 
0.0001 0.000180331 0.003 
0.0001 0.000180633 0.003 
0.0001 0.000180932 0.003 
0.0001 0.000181227 0.003 
0.0001 0.000181519 0.003 
0.0001 0.000181807 0.003 
0.0001 0.000182092 0.003 
0.0001 0.000182373 0.003 
0.0001 0.000182651 0.003 
0.0001 0.000182925 0.003 
0.0001 0.000183196 0.003 
0.0001 0.000183463 0.003 
0.0001 0.000183727 0.003 
0.0001 0.000183988 0.003 
0.0001 0.000184245 0.003 
0.0001 0.000184499 0.003 
0.0001 0.000184749 0.003 
0.0001 0.000184997 0.003 
0.0001 0.000185241 0.003 
0.0001 0.000185481 0.003 
0.0001 0.000185718 0.003 
0.0001 0.000185953 0.003 
0.0001 0.000186183 0.003 
0.0001 0.000186411 0.003 
0.0001 0.000186636 0.003 
0.0001 0.000186857 0.003 
0.0001 0.000187075 0.003 
0.0001 0.000187291 0.003 
0.0001 0.000187503 0.003 
0.0001 0.000187712 0.003 
0.0001 0.000187918 0.003 
0.0001 0.000188121 0.003 
0.0001 0.000188321 0.003 
0.0001 0.000188519 0.003 
0.0001 0.000188713 0.003 
0.0001 0.000188905 0.003 
0.0001 0.000189093 0.003 
0.0001 0.000189279 0.003 
0.0001 0.000189462 0.003 
0.0001 0.000189642 0.003 
0.0001 0.00018982 0.003 
0.0001 0.000189995 0.003 
0.0001 0.000190167 0.003 
0.0001 0.000190337 0.003 
0.0001 0.000190504 0.003 
0.0001 0.000190668 0.003 
0.0001 0.00019083 0.003 
0.0001 0.00019099 0.003 
0.0001 0.000191147 0.003 
0.0001 0.000191301 0.003 
0.0001 0.000191453 0.003 
0.0001 0.000191603 0.003 
0.0001 0.00019175 0.003 
0.0001 0.000191895 0.003 
0.0001 0.000192038 0.003 
0.0001 0.000192178 0.003 
0.0001 0.000192316 0.003 
0.0001 0.000192452 0.003 
0.0001 0.000192586 0.003 
0.0001 0.000192717 0.003 
0.0001 0.000192847 0.003 
0.0001 0.000192974 0.003 
0.0001 0.000193099 0.003 
0.0001 0.000193222 0.003 
0.0001 0.000193344 0.003 
0.0001 0.000193463 0.003 
0.0001 0.00019358 0.003 
0.0001 0.000193695 0.003 
0.0001 0.000193809 0.003 
0.0001 0.00019392 0.003 
0.0001 0.00019403 0.003 
0.0001 0.000194138 0.003 
0.0001 0.000194244 0.003 
0.0001 0.000194348 0.003 
0.0001 0.000194451 0.003 
0.0001 0.000194551 0.003 
0.0001 0.00019465 0.003 
0.0001 0.000194748 0.003 
0.0001 0.000194844 0.003 
0.0001 0.000194938 0.003 
0.0001 0.00019503 0.003 
0.0001 0.000195121 0.003 
0.0001 0.000195211 0.003 
0.0001 0.000195299 0.003 
0.0001 0.000195385 0.003 
0.0001 0.00019547 0.003 
0.0001 0.000195554 0.003 
0.0001 0.000195636 0.003 
0.0001 0.000195716 0.003 
0.0001 0.000195796 0.003 
0.0001 0.000195873 0.003 
0.0001 0.00019595 0.003 
0.0001 0.000196025 0.003 
0.0001 0.000196099 0.003 
0.0001 0.000196172 0.003 
0.0001 0.000196243 0.003 
0.0001 0.000196314 0.003 
0.0001 0.000196383 0.003 
0.0001 0.00019645 0.003 
0.0001 0.000196517 0.003 
0.0001 0.000196583 0.003 
0.0001 0.000196647 0.003 
0.0001 0.00019671 0.003 
0.0001 0.000196772 0.003 
0.0001 0.000196833 0.003 
0.0001 0.000196893 0.003 
0.0001 0.000196952 0.003 
0.0001 0.00019701 0.003 
0.0001 0.000197067 0.003 
0.0001 0.000197123 0.003 
0.0001 0.000197178 0.003 
0.0001 0.000197232 0.003 
0.0001 0.000197285 0.003 
0.0001 0.000197337 0.003 
0.0001 0.000197388 0.003 
0.0001 0.000197439 0.003 
0.0001 0.000197488 0.003 
0.0001 0.000197537 0.003 
0.0001 0.000197585 0.003 
0.0001 0.000197632 0.003 
0.0001 0.000197678 0.003 
0.0001 0.000197723 0.003 
0.0001 0.000197768 0.003 
0.0001 0.000197811 0.003 
0.0001 0.000197854 0.003 
0.0001 0.000197897 0.003 
0.0001 0.000197938 0.003 
0.0001 0.000197979 0.003 
0.0001 0.000198019 0.003 
0.0001 0.000198059 0.003 
0.0001 0.000198098 0.003 
0.0001 0.000198136 0.003 
0.0001 0.000198173 0.003 
0.0001 0.00019821 0.003 
0.0001 0.000198246 0.003 
0.0001 0.000198282 0.003 
0.0001 0.000198317 0.003 
0.0001 0.000198352 0.003 
0.0001 0.000198385 0.003 
0.0001 0.000198419 0.003 
0.0001 0.000198451 0.003 
0.0001 0.000198484 0.003 
0.0001 0.000198515 0.003 
0.0001 0.000198547 0.003 
0.0001 0.000198577 0.003 
0.0001 0.000198607 0.003 
0.0001 0.000198637 0.003 
0.0001 0.000198666 0.003 
0.0001 0.000198695 0.003 
0.0001 0.000198723 0.003 
0.0001 0.000198751 0.003 
0.0001 0.000198778 0.003 
0.0001 0.000198805 0.003 
0.0001 0.000198832 0.003 
0.0001 0.000198858 0.003 
0.0001 0.000198884 0.003 
0.0001 0.000198909 0.003 
0.0001 0.000198934 0.003 
0.0001 0.000198959 0.003 
0.0001 0.000198983 0.003 
0.0001 0.000199007 0.003 
0.0001 0.00019903 0.003 
0.0001 0.000199053 0.003 
0.0001 0.000199076 0.003 
0.0001 0.000199099 0.003 
0.0001 0.000199121 0.003 
0.0001 0.000199143 0.003 
0.0001 0.000199164 0.003 
0.0001 0.000199186 0.003 
0.0001 0.000199207 0.003 
0.0001 0.000199227 0.003 
0.0001 0.000199248 0.003 
0.0001 0.000199268 0.003 
0.0001 0.000199288 0.003 
0.0001 0.000199308 0.003 
0.0001 0.000199327 0.003 
0.0001 0.000199347 0.003 
0.0001 0.000199366 0.003 
0.0001 0.000199385 0.003 
0.0001 0.000199403 0.003 
0.0001 0.000199422 0.003 
0.0001 0.00019944 0.003 
0.0001 0.000199458 0.003 
0.0001 0.000199476 0.003 
0.0001 0.000199494 0.003 
0.0001 0.000199511 0.003 
0.0001 0.000199529 0.003 
0.0001 0.000199546 0.003 
0.0001 0.000199563 0.003 
0.0001 0.00019958 0.003 
0.0001 0.000199597 0.003 
0.0001 0.000199614 0.003 
0.0001 0.000199631 0.003 
0.0001 0.000199648 0.003 
0.0001 0.000199664 0.003 
0.0001 0.000199681 0.003 
0.0001 0.000199697 0.003 
0.0001 0.000199714 0.003 
0.0001 0.00019973 0.003 
0.0001 0.000199746 0.003 
0.0001 0.000199763 0.003 
0.0001 0.000199779 0.003 
0.0001 0.000199795 0.003 
0.0001 0.000199812 0.003 
0.0001 0.000199828 0.003 
0.0001 0.000199845 0.003 
0.0001 0.000199861 0.003 
0.0001 0.000199878 0.003 
0.0001 0.000199894 0.003 
0.0001 0.000199911 0.003 
0.0001 0.000199928 0.003 
0.0001 0.000199945 0.00258686 
0.0001 0.000199962 0.00181547 
0.0001 0.000199979 0.0010366 
0.0001 0.000199997 0.000249329 
0.0001 0.0002 0.0001 
0.0001 0.0002 0.0001 
0.0001 0.0002 0.0001 
0.0001 0.0002 0.0001 
0.0001 0.0002 0.0001 
0.0001 0.0002 0.0001 
0.0001 0.0002 0.0001 
0.0001 0.0002 0.0001 
0.0001 0.0002 0.0001 
0.0001 0.0002 0.0001 
0.0001 0.0002 0.0001 
0.0001 0.0002 0.0001 
0.0001 0.0002 0.0001 
0.0001 0.0002 0.0001 
0.0001 0.0002 0.0001 
0.0001 0.0002 0.0001 
0.0001 0.0002 0.0001 
0.0001 0.0002 0.0001 
0.0001 0.0002 0.0001 
0.0001 0.0002 0.0001 
0.0001 0.0002 0.0001 
0.0001 0.0002 0.0001 
0.0001 0.0002 0.0001 
0.0001 0.0002 0.0001 
0.0001 0.0002 0.0001 
0.0001 0.0002 0.0001 
0.0001 0.0002 0.0001 
0.0001 0.0002 0.0001 
0.0001 0.0002 0.0001 
0.0001 0.0002 0.0001 
0.0001 0.0002 0.0001 
0.0001 0.0002 0.0001 
0.0001 0.0002 0.0001 
0.0001 0.0002 0.0001 
0.0001 0.0002 0.0001 
0.0001 0.0002 0.0001 
0.0001 0.0002 0.0001 
0.0001 0.0002 0.0001 
0.0001 0.0002 0.0001 
0.0001 0.0002 0.0001 
0.0001 0.0002 0.0001 
0.0001 0.0002 0.0001 
0.0001 0.0002 0.0001 
0.0001 0.0002 0.0001 
0.0001 0.0002 0.0001 
0.0001 0.0002 0.0001 
0.0001 0.0002 0.0001 
0.0001 0.0002 0.0001 
0.0001 0.0002 0.0001 
0.0001 0.0002 0.0001 
0.0001 0.0002 0.0001 
0.0001 0.0002 0.0001 
0.0001 0.0002 0.0001 
0.0001 0.0002 0.0001 
0.0001 0.0002 0.0001 
0.0001 0.0002 0.0001 
0.0001 0.0002 0.0001 
0.0001 0.0002 0.0001 
0.0001 0.0002 0.0001 
0.0001 0.0002 0.0001 
0.0001 0.0002 0.0001 
0.0001 0.0002 0.0001 
0.0001 0.0002 0.0001 
0.0001 0.0002 0.0001 
0.0001 0.0002 0.0001 
0.0001 0.0002 0.0001 
0.0001 0.0002 0.0001 
0.0001 0.0002 0.0001 
0.0001 0.0002 0.0001 
0.0001 0.0002 0.0001 
0.0001 0.0002 0.0001 
0.0001 0.0002 0.0001 
0.0001 0.0002 0.0001 
0.0001 0.0002 0.0001 
0.0001 0.0002 0.0001 
0.0001 0.0002 0.0001 
0.0001 0.0002 0.0001 
0.0001 0.0002 0.0001 
0.0001 0.0002 0.0001 
0.0001 0.0002 0.0001 
0.0001 0.0002 0.0001 
0.0001 0.0002 0.0001 
0.0001 0.0002 0.0001 
0.0001 0.0002 0.0001 
0.0001 0.0002 0.0001 
0.0001 0.0002 0.0001 
0.0001 0.0002 0.0001 
0.0001 0.0002 0.0001 
0.0001 0.0002 0.0001 
0.0001 0.0002 0.0001 
0.0001 0.0002 0.0001 
0.0001 0.0002 0.0001 
0.0001 0.0002 0.0001 
0.0001 0.0002 0.0001 
0.0001 0.0002 0.0001 
0.0001 0.0002 0.0001 
0.0001 0.0002 0.0001 
0.0001 0.0002 0.0001 
0.0001 0.0002 0.0001 
0.0001 0.0002 0.0001 
0.0001 0.0002 0.0001 
0.0001 0.0002 0.0001 
0.0001 0.0002 0.0001 
0.0001 0.0002 0.0001 
0.0001 0.0002 0.0001 
0.0001 0.0002 0.0001 
0.0001 0.0002 0.0001 
0.0001 0.0002 0.0001 
0.0001 0.0002 0.0001 
0.0001 0.0002 0.0001 
0.0001 0.0002 0.0001 
0.0001 0.0002 0.0001 
0.0001 0.0002 0.0001 
0.0001 0.0002 0.0001 
0.0001 0.0002 0.0001 
0.0001 0.0002 0.0001 
0.0001 0.0002 0.0001 
0.0001 0.0002 0.0001 
0.0001 0.0002 0.0001 
0.0001 0.0002 0.0001 
0.0001 0.0002 0.0001 
0.0001 0.0002 0.0001 
0.0001 0.0002 0.0001 
0.0001 0.0002 0.0001 
0.0001 0.0002 0.0001 
0.0001 0.0002 0.0001 
0.0001 0.0002 0.0001 
0.0001 0.0002 0.0001 
0.0001 0.0002 0.0001 
0.0001 0.0002 0.0001 
0.0001 0.0002 0.0001 
0.0001 0.0002 0.0001 
0.0001 0.0002 0.0001 
0.0001 0.0002 0.0001 
0.0001 0.0002 0.0001 
0.0001 0.0002 0.0001 
0.0001 0.0002 0.0001 
0.0001 0.0002 0.0001 
0.0001 0.0002 0.0001 
0.0001 0.0002 0.0001 
0.0001 0.0002 0.0001 
0.0001 0.0002 0.0001 
0.0001 0.0002 0.0001 
0.0001 0.0002 0.0001 
0.0001 0.0002 0.0001 
0.0001 0.0002 0.0001 
0.0001 0.0002 0.0001 
0.0001 0.0002 0.0001 
0.0001 0.0002 0.0001 
0.0001 0.0002 0.0001 
0.0001 0.0002 0.0001 
0.0001 0.0002 0.0001 
0.0001 0.0002 0.0001 
0.0001 0.0002 0.0001 
0.0001 0.0002 0.0001 
0.0001 0.0002 0.0001 
0.0001 0.0002 0.0001 
0.0001 0.0002 0.0001 
0.0001 0.0002 0.0001 
0.0001 0.0002 0.0001 
0.0001 0.0002 0.0001 
0.0001 0.0002 0.0001 
0.0001 0.0002 0.0001 
0.0001 0.0002 0.0001 
0.0001 0.0002 0.0001 
0.0001 0.0002 0.0001 
0.0001 0.0002 0.0001 
0.0001 0.0002 0.0001 
0.0001 0.0002 0.0001 
0.0001 0.0002 0.0001 
0.0001 0.0002 0.0001 
0.0001 0.0002 0.0001 
0.0001 0.0002 0.0001 
0.0001 0.0002 0.0001 
0.0001 0.0002 0.0001 
0.0001 0.0002 0.0001 
0.0001 0.0002 0.0001 
0.0001 0.0002 0.0001 
0.0001 0.0002 0.0001 
0.0001 0.0002 0.0001 
0.0001 0.0002 0.0001 
0.0001 0.0002 0.0001 
0.0001 0.0002 0.0001 
0.0001 0.0002 0.0001 
0.0001 0.0002 0.0001 
0.0001 0.0002 0.0001 
0.0001 0.0002 0.0001 
0.0001 0.0002 0.0001 
0.0001 0.0002 0.0001 
0.0001 0.0002 0.0001 
0.0001 0.0002 0.0001 
0.0001 0.0002 0.0001 
0.0001 0.0002 0.0001 
0.0001 0.0002 0.0001 
0.0001 0.0002 0.0001 
0.0001 0.0002 0.0001 
0.0001 0.0002 0.0001 
0.0001 0.0002 0.0001 
0.0001 0.0002 0.0001 
0.0001 0.0002 0.0001 
0.0001 0.0002 0.0001 
0.0001 0.0002 0.0001 
0.0001 0.0002 0.0001 
0.0001 0.0002 0.0001 
0.0001 0.0002 0.0001 
0.0001 0.0002 0.0001 
0.0001 0.0002 0.0001 
0.0001 0.0002 0.0001 
0.0001 0.0002 0.0001 
0.0001 0.0002 0.0001 
0.0001 0.0002 0.0001 
0.0001 0.0002 0.0001 
0.0001 0.0002 0.0001 
0.0001 0.0002 0.0001 
0.0001 0.0002 0.0001 
0.0001 0.0002 0.0001 
0.0001 0.0002 0.0001 
0.0001 0.0002 0.0001 
0.0001 0.0002 0.0001 
0.0001 0.0002 0.0001 
0.0001 0.0002 0.0001 
0.0001 0.0002 0.0001 
0.0001 0.0002 0.0001 
0.0001 0.0002 0.0001 
0.0001 0.0002 0.0001 
0.0001 0.0002 0.0001 
0.0001 0.0002 0.0001 
0.0001 0.0002 0.0001 
0.0001 0.0002 0.0001 
0.0001 0.0002 0.0001 
0.0001 0.0002 0.0001 
0.0001 0.0002 0.0001 
0.0001 0.0002 0.0001 
0.0001 0.0002 0.0001 
0.0001 0.0002 0.0001 
0.0001 0.0002 0.0001 
0.0001 0.0002 0.0001 
0.0001 0.0002 0.0001 
0.0001 0.0002 0.0001 
0.0001 0.0002 0.0001 
0.0001 0.0002 0.0001 
0.0001 0.0002 0.0001 
0.0001 0.0002 0.0001 
0.0001 0.0002 0.0001 
0.0001 0.0002 0.0001 
0.0001 0.0002 0.0001 
0.0001 0.0002 0.0001 
0.0001 0.0002 0.0001 
0.0001 0.0002 0.0001 
0.0001 0.0002 0.0001 
0.0001 0.0002 0.0001 
0.0001 0.0002 0.0001 
0.0001 0.0002 0.0001 
0.0001 0.0002 0.0001 
0.0001 0.0002 0.0001 
0.0001 0.0002 0.0001 
0.0001 0.0002 0.0001 
0.0001 0.0002 0.0001 
0.0001 0.0002 0.0001 
0.0001 0.0002 0.0001 
0.0001 0.0002 0.0001 
0.0001 0.0002 0.0001 
0.0001 0.0002 0.0001 
0.0001 0.0002 0.0001 
0.0001 0.0002 0.0001 
0.0001 0.0002 0.0001 
0.0001 0.0002 0.0001 
0.0001 0.0002 0.0001 
0.0001 0.0002 0.0001 
0.0001 0.0002 0.0001 
0.0001 0.0002 0.0001 
0.0001 0.0002 0.0001 
0.0001 0.0002 0.0001 
0.0001 0.0002 0.0001 
0.0001 0.0002 0.0001 
0.0001 0.0002 0.0001 
0.0001 0.0002 0.0001 
0.0001 0.0002 0.0001 
0.0001 0.0002 0.0001 
0.0001 0.0002 0.0001 
0.0001 0.0002 0.0001 
0.0001 0.0002 0.0001 
0.0001 0.0002 0.0001 
0.0001 0.0002 0.0001 
0.0001 0.0002 0.0001 
0.0001 0.0002 0.0001 
0.0001 0.0002 0.0001 
0.0001 0.0002 0.0001 
0.0001 0.0002 0.0001 
0.0001 0.0002 0.0001 
0.0001 0.0002 0.0001 
0.0001 0.0002 0.0001 
0.0001 0.0002 0.0001 
0.0001 0.0002 0.0001 
0.0001 0.0002 0.0001 
0.0001 0.0002 0.0001 
0.0001 0.0002 0.0001 
0.0001 0.0002 0.0001 
0.0001 0.0002 0.0001 
0.0001 0.0002 0.0001 
0.0001 0.0002 0.0001 
0.0001 0.0002 0.0001 
0.0001 0.0002 0.0001 
0.0001 0.0002 0.0001 
0.0001 0.0002 0.0001 
0.0001 0.0002 0.0001 
0.0001 0.0002 0.0001 
0.0001 0.0002 0.0001 
0.0001 0.0002 0.0001 
0.0001 0.0002 0.0001 
0.0001 0.0002 0.0001 
0.0001 0.0002 0.0001 
0.0001 0.0002 0.0001 
0.0001 0.0002 0.0001 
0.0001 0.0002 0.0001 
0.0001 0.0002 0.0001 
0.0001 0.0002 0.0001 
0.0001 0.0002 0.0001 
0.0001 0.0002 0.0001 
0.0001 0.0002 0.0001 
0.0001 0.0002 0.0001 
0.0001 0.0002 0.0001 
0.0001 0.0002 0.0001 
0.0001 0.0002 0.0001 
0.0001 0.0002 0.0001 
0.0001 0.0002 0.0001 
0.0001 0.0002 0.0001 
0.0001 0.0002 0.0001 
0.0001 0.0002 0.0001 
0.0001 0.0002 0.0001 
0.0001 0.0002 0.0001 
0.0001 0.0002 0.0001 
0.0001 0.0002 0.0001 
0.0001 0.0002 0.0001 
0.0001 0.0002 0.0001 
0.0001 0.0002 0.0001 
0.0001 0.0002 0.0001 
0.0001 0.0002 0.0001 
0.0001 0.0002 0.0001 
0.0001 0.0002 0.0001 
0.0001 0.0002 0.0001 
0.0001 0.0002 0.0001 
0.0001 0.0002 0.0001 
0.0001 0.0002 0.0001 
0.0001 0.0002 0.0001 
0.0001 0.0002 0.0001 
0.0001 0.0002 0.0001 
0.0001 0.0002 0.0001 
0.0001 0.0002 0.0001 
0.0001 0.0002 0.0001 
0.0001 0.0002 0.0001 
0.0001 0.0002 0.0001 
0.0001 0.0002 0.0001 
0.0001 0.0002 0.0001 
0.0001 0.0002 0.0001 
0.0001 0.0002 0.0001 
0.0001 0.0002 0.0001 
0.0001 0.0002 0.0001 
0.0001 0.0002 0.0001 
0.0001 0.0002 0.0001 
0.0001 0.0002 0.0001 
0.0001 0.0002 0.0001 
0.0001 0.0002 0.0001 
0.0001 0.0002 0.0001 
0.0001 0.0002 0.0001 
0.0001 0.0002 0.0001 
0.0001 0.0002 0.0001 
0.0001 0.0002 0.0001 
0.0001 0.0002 0.0001 
0.0001 0.0002 0.0001 
0.0001 0.0002 0.0001 
0.0001 0.0002 0.0001 
0.0001 0.0002 0.0001 
0.0001 0.0002 0.0001 
0.0001 0.0002 0.0001 
0.0001 0.0002 0.0001 
0.0001 0.0002 0.0001 
0.0001 0.0002 0.0001 
0.0001 0.0002 0.0001 
0.0001 0.0002 0.0001 
0.0001 0.0002 0.0001 
0.0001 0.0002 0.0001 
0.0001 0.0002 0.0001 
0.0001 0.0002 0.0001 
0.0001 0.0002 0.0001 
0.0001 0.0002 0.0001 
0.0001 0.0002 0.0001 
0.0001 0.0002 0.0001 
0.0001 0.0002 0.0001 
0.0001 0.0002 0.0001 
0.0001 0.0002 0.0001 
0.0001 0.0002 0.0001 
0.0001 0.0002 0.0001 
0.0001 0.0002 0.0001 
0.0001 0.0002 0.0001 
0.0001 0.0002 0.0001 
0.0001 0.0002 0.0001 
0.0001 0.0002 0.0001 
0.0001 0.0002 0.0001 
0.0001 0.0002 0.0001 
0.0001 0.0002 0.0001 
0.0001 0.0002 0.0001 
0.0001 0.0002 0.0001 
0.0001 0.0002 0.0001 
0.0001 0.0002 0.0001 
0.0001 0.0002 0.0001 
0.0001 0.0002 0.0001 
0.0001 0.0002 0.0001 
0.0001 0.0002 0.0001 
0.0001 0.0002 0.0001 
0.0001 0.0002 0.0001 
0.0001 0.0002 0.0001 
0.0001 0.0002 0.0001 
0.0001 0.0002 0.0001 
0.0001 0.0002 0.0001 
0.0001 0.0002 0.0001 
0.0001 0.0002 0.0001 
0.0001 0.0002 0.0001 
0.0001 0.0002 0.0001 
0.0001 0.0002 0.0001 
0.0001 0.0002 0.0001 
0.0001 0.0002 0.0001 
0.0001 0.0002 0.0001 
0.0001 0.0002 0.0001 
0.0001 0.0002 0.0001 
0.0001 0.0002 0.0001 
0.0001 0.0002 0.0001 
0.0001 0.0002 0.0001 
0.0001 0.0002 0.0001 
0.0001 0.0002 0.0001 
0.0001 0.0002 0.0001 
0.0001 0.0002 0.0001 
0.0001 0.0002 0.0001 
0.0001 0.0002 0.0001 
0.0001 0.0002 0.0001 
0.0001 0.0002 0.0001 
0.0001 0.0002 0.0001 
0.0001 0.0002 0.0001 
0.0001 0.0002 0.0001 
0.0001 0.0002 0.0001 
0.0001 0.0002 0.0001 
0.0001 0.0002 0.0001 
0.0001 0.0002 0.0001 
0.0001 0.0002 0.0001 
0.0001 0.0002 0.0001 
0.0001 0.0002 0.0001 
0.0001 0.0002 0.0001 
0.0001 0.0002 0.0001 
0.0001 0.0002 0.0001 
0.0001 0.0002 0.0001 
0.0001 0.0002 0.0001 
0.0001 0.0002 0.0001 
0.0001 0.0002 0.0001 
0.0001 0.0002 0.0001 
0.0001 0.0002 0.0001 
0.0001 0.0002 0.0001 
0.0001 0.0002 0.0001 
0.0001 0.0002 0.0001 
0.0001 0.0002 0.0001 
0.0001 0.0002 0.0001 
0.0001 0.0002 0.0001 
0.0001 0.0002 0.0001 
0.0001 0.0002 0.0001 
0.0001 0.0002 0.0001 
0.0001 0.0002 0.0001 
0.0001 0.0002 0.0001 
0.0001 0.0002 0.0001 
0.0001 0.0002 0.0001 
0.0001 0.0002 0.0001 
0.0001 0.0002 0.0001 
0.0001 0.0002 0.0001 
0.0001 0.0002 0.0001 
0.0001 0.0002 0.0001 
0.0001 0.0002 0.0001 
0.0001 0.0002 0.0001 
0.0001 0.0002 0.0001 
0.0001 0.0002 0.0001 
0.0001 0.0002 0.0001 
0.0001 0.0002 0.0001 
0.0001 0.0002 0.0001 
0.0001 0.0002 0.0001 
0.0001 0.0002 0.0001 
0.0001 0.0002 0.0001 
0.0001 0.0002 0.0001 
0.0001 0.0002 0.0001 
0.0001 0.0002 0.0001 
0.0001 0.0002 0.0001 
0.0001 0.0002 0.0001 
0.0001 0.0002 0.0001 
0.0001 0.0002 0.0001 
0.0001 0.0002 0.0001 
0.0001 0.0002 0.0001 
0.0001 0.0002 0.0001 
0.0001 0.0002 0.0001 
0.0001 0.0002 0.0001 
0.0001 0.0002 0.0001 
0.0001 0.0002 0.0001 
0.0001 0.0002 0.0001 
0.0001 0.0002 0.0001 
0.0001 0.0002 0.0001 
0.0001 0.0002 0.0001 
0.0001 0.0002 0.0001 
0.0001 0.0002 0.0001 
0.0001 0.0002 0.0001 
0.0001 0.0002 0.0001 
0.0001 0.0002 0.0001 
0.0001 0.0002 0.0001 
0.0001 0.0002 0.0001 
0.0001 0.0002 0.0001 
0.0001 0.0002 0.0001 
0.0001 0.0002 0.0001 
0.0001 0.0001 0.0001 
