0 0 0 
0.0234262 0 0 
0.0233028 0 0 
0.0231914 0 0 
0.0230921 0 0 
0.0230047 0 0 
0.0229291 0 0 
0.0228652 0 0 
0.0228128 0 0 
0.0227719 0 0 
0.0227423 0 0 
0.0227241 0 0 
0.022717 0 0 
0.0227211 0 0 
0.0227363 0 0 
0.0227625 0 0 
0.0227996 0 0 
0.0228476 0 0 
0.0229065 0 0 
0.0229762 0 0 
0.0230567 0 0 
0.0231479 0 0 
0.0232499 0 0 
0.0233625 0 0 
0.0234859 0 0 
0.02362 0 0 
0.0237647 0 0 
0.0239201 0 0 
0.0240862 0 0 
0.0242631 0 0 
0.0244506 0 0 
0.0246489 0 0 
0.024858 0 0 
0.0250779 0 0 
0.0253086 0 0 
0.0255503 0 0 
0.0258028 0 0 
0.0260664 0 0 
0.026341 0 0 
0.0266267 0 0 
0.0269236 0 0 
0.0272318 0 0 
0.0275513 0 0 
0.0278821 0 0 
0.0282245 0 0 
0.0285785 0 0 
0.0289441 0 0 
0.0293215 0 0 
0.0297109 0 0 
0.0301122 0 0 
0.0305256 0 0 
0.0309513 0 0 
0.0313893 0 0 
0.0318398 0 0 
0.032303 0 0 
0.0327789 0 0 
0.0332677 0 0 
0.0337696 0 0 
0.0342847 0 0 
0.0348132 0 0 
0.0353552 0 0 
0.0359109 0 0 
0.0364805 0 0 
0.0370642 0 0 
0.0376622 0 0 
0.0382745 0 0 
0.0389015 0 0 
0.0395434 0 0 
0.0402002 0 0 
0.0408724 0 0 
0.04156 0 0 
0.0422633 0 0 
0.0429824 0 0 
0.0437178 0 0 
0.0444695 0 0 
0.0452378 0 0 
0.046023 0 0 
0.0468254 0 0 
0.0476451 0 0 
0.0484824 0 0 
0.0493376 0 0 
0.0502111 0 0 
0.051103 0 0 
0.0520136 0 0 
0.0529432 0 0 
0.0538922 0 0 
0.0548608 0 0 
0.0558493 0 0 
0.056858 0 0 
0.0578873 0 0 
0.0589375 0 0 
0.0600088 0 0 
0.0611016 0 0 
0.0622163 0 0 
0.0633532 0 0 
0.0645126 0 0 
0.0656949 0 0 
0.0669004 0 0 
0.0681295 0 0 
0.0693826 0 0 
0.0706599 0 0 
0.0719619 0 0 
0.073289 0 0 
0.0746414 0 0 
0.0760197 0 0 
0.0774241 0 0 
0.0788551 0 0 
0.080313 0 0 
0.0817982 0 0 
0.0833112 0 0 
0.0848522 0 0 
0.0864217 0 0 
0.0880202 0 0 
0.0896479 0 0 
0.0913052 0 0 
0.0929927 0 0 
0.0947105 0 0 
0.0964592 0 0 
0.0982391 0 0 
0.100051 0 0 
0.101894 0 0 
0.10377 0 0 
0.105678 0 0 
0.10762 0 0 
0.109595 0 0 
0.111604 0 0 
0.113647 0 0 
0.115724 0 0 
0.117836 0 0 
0.119983 0 0 
0.122165 0 0 
0.124383 0 0 
0.126637 0 0 
0.128927 0 0 
0.131253 0 0 
0.133615 0 0 
0.136014 0 0 
0.13845 0 0 
0.140923 0 0 
0.143432 0 0 
0.145979 0 0 
0.148562 0 0 
0.151183 0 0 
0.15384 0 0 
0.156534 0 0 
0.159265 0 0 
0.162031 0 0 
0.164834 0 0 
0.167673 0 0 
0.170547 0 0 
0.173455 0 0 
0.176398 0 0 
0.179375 0 0 
0.182384 0 0 
0.185426 0 0 
0.188499 0 0 
0.191602 0 0 
0.194735 0 0 
0.197895 0 0 
0.201083 0 0 
0.204295 0 0 
0.207532 0 0 
0.21079 0 0 
0.214068 0 0 
0.217365 0 0 
0.220678 0 0 
0.224004 0 0 
0.227341 0 0 
0.230687 0 0 
0.234039 0 0 
0.237393 0 0 
0.240746 0 0 
0.244094 0 0 
0.247435 0 0 
0.250762 0 0 
0.254074 0 0 
0.257364 0 0 
0.260628 0 0 
0.26386 0 0 
0.267056 0 0 
0.270209 0 0 
0.273313 0 0 
0.276361 0 0 
0.279347 0 0 
0.282264 0 0 
0.285103 0 0 
0.287857 0 0 
0.290517 0 0 
0.293074 0 0 
0.295518 0 0 
0.297841 0 0 
0.300031 0 0 
0.302077 0 0 
0.303969 0 0 
0.305694 0 0 
0.307241 0 0 
0.308595 0 0 
0.309745 0 0 
0.310675 0 0 
0.311373 0 0 
0.311821 0 0 
0.312006 0 0 
0.31191 0 0 
0.311519 0 0 
0.310813 0 0 
0.309776 0 0 
0.30839 0 0 
0.306637 0 0 
0.304497 0 0 
0.301951 0 0 
0.29898 0 0 
0.295563 0 0 
0.29168 0 0 
0.287311 0 0 
0.282436 0 0 
0.277033 0 0 
0.271082 0 0 
0.264562 0 0 
0.257453 0 0 
0.249734 0 0 
0.241385 0 0 
0.232388 0 0 
0.222723 0 0 
0.212372 0 0 
0.201317 0 0 
0.189544 0 0 
0.177035 0 0 
0.163778 0 0 
0.149759 0 0 
0.134969 0 0 
0.11939 1.62132e-06 0 
0.10302 4.08285e-06 0 
0.0858593 6.69193e-06 0 
0.0679118 8.94109e-06 0 
0.0491833 1.05227e-05 0 
0.0296828 1.13437e-05 0 
0.00944411 1.15409e-05 0 
0 1.14956e-05 0 
0 1.14561e-05 0 
0 1.14225e-05 0 
0 1.13947e-05 0 
0 1.13726e-05 0 
0 1.13562e-05 0 
0 1.13455e-05 0 
0 1.13404e-05 0 
0 1.13409e-05 0 
0 1.13469e-05 0 
0 1.13584e-05 0 
0 1.13754e-05 0 
0 1.13979e-05 0 
0 1.14258e-05 0 
0 1.14591e-05 0 
0 1.14978e-05 0 
0 1.15419e-05 0 
0 1.15913e-05 0 
0 1.16461e-05 0 
0 1.17063e-05 0 
0 1.17718e-05 0 
0 1.18427e-05 0 
0 1.19189e-05 0 
0 1.20004e-05 0 
0 1.20873e-05 0 
0 1.21796e-05 0 
0 1.22773e-05 0 
0 1.23803e-05 0 
0 1.24888e-05 0 
0 1.26027e-05 0 
0 1.2722e-05 0 
0 1.28468e-05 0 
0 1.29772e-05 0 
0 1.3113e-05 0 
0 1.32544e-05 0 
0 1.34014e-05 0 
0 1.35541e-05 0 
0 1.37124e-05 0 
0 1.38764e-05 0 
0 1.40462e-05 0 
0 1.42218e-05 0 
0 1.44033e-05 0 
0 1.45906e-05 0 
0 1.47839e-05 0 
0 1.49833e-05 0 
0 1.51887e-05 0 
0 1.54003e-05 0 
0 1.56181e-05 0 
0 1.58421e-05 0 
0 1.60725e-05 0 
0 1.63093e-05 0 
0 1.65526e-05 0 
0 1.68025e-05 0 
0 1.70591e-05 0 
0 1.73223e-05 0 
0 1.75924e-05 0 
0 1.78695e-05 0 
0 1.81535e-05 0 
0 1.84446e-05 0 
0 1.87429e-05 0 
0 1.90485e-05 0 
0 1.93616e-05 0 
0 1.96821e-05 0 
0 2.00103e-05 0 
0 2.03462e-05 0 
0 2.06899e-05 0 
0 2.10416e-05 0 
0 2.14014e-05 0 
0 2.17694e-05 0 
0 2.21458e-05 0 
0 2.25306e-05 0 
0 2.2924e-05 0 
0 2.33262e-05 0 
0 2.37373e-05 0 
0 2.41574e-05 0 
0 2.45868e-05 0 
0 2.50254e-05 0 
0 2.54736e-05 0 
0 2.59313e-05 0 
0 2.6399e-05 0 
0 2.68766e-05 0 
0 2.73643e-05 0 
0 2.78624e-05 0 
0 2.8371e-05 0 
0 2.88903e-05 0 
0 2.94205e-05 0 
0 2.99617e-05 0 
0 3.05142e-05 0 
0 3.10782e-05 0 
0 3.16539e-05 0 
0 3.22414e-05 0 
0 3.2841e-05 0 
0 3.3453e-05 0 
0 3.40774e-05 0 
0 3.47147e-05 0 
0 3.53649e-05 0 
0 3.60283e-05 0 
0 3.67052e-05 0 
0 3.73959e-05 0 
0 3.81005e-05 0 
0 3.88193e-05 0 
0 3.95526e-05 0 
0 4.03007e-05 0 
0 4.10638e-05 0 
0 4.18422e-05 0 
0 4.26362e-05 0 
0 4.34461e-05 0 
0 4.42722e-05 0 
0 4.51147e-05 0 
0 4.59741e-05 0 
0 4.68505e-05 0 
0 4.77444e-05 0 
0 4.86561e-05 0 
0 4.95858e-05 0 
0 5.0534e-05 0 
0 5.15009e-05 0 
0 5.2487e-05 0 
0 5.34926e-05 0 
0 5.45181e-05 0 
0 5.55638e-05 0 
0 5.66302e-05 0 
0 5.77175e-05 0 
0 5.88263e-05 0 
0 5.9957e-05 0 
0 6.11099e-05 0 
0 6.22854e-05 0 
0 6.34841e-05 0 
0 6.47063e-05 0 
0 6.59525e-05 0 
0 6.72232e-05 0 
0 6.85188e-05 0 
0 6.98398e-05 0 
0 7.11867e-05 0 
0 7.256e-05 0 
0 7.39602e-05 0 
0 7.53878e-05 0 
0 7.68433e-05 0 
0 7.83273e-05 0 
0 7.98403e-05 0 
0 8.1383e-05 0 
0 8.29557e-05 0 
0 8.45592e-05 0 
0 8.6194e-05 0 
0 8.78608e-05 0 
0 8.95601e-05 0 
0 9.12926e-05 0 
0 9.30588e-05 0 
0 9.48596e-05 0 
0 9.66955e-05 0 
0 9.85671e-05 0 
0 0.000100475 0 
0 0.000102421 0 
0 0.000104404 0 
0 0.000106426 0 
0 0.000108487 0 
0 0.000110589 0 
0 0.000112731 0 
0 0.000114915 0 
0 0.000117142 0 
0 0.000119412 0 
0 0.000121726 0 
0 0.000124086 0 
0 0.000126491 0 
0 0.000128943 0 
0 0.000131443 0 
0 0.000133991 0 
0 0.000136589 0 
0 0.000139238 0 
0 0.000141938 0 
0 0.000144691 0 
0 0.000147497 0 
0 0.000150358 0 
0 0.000153274 0 
0 0.000156247 0 
0 0.000159278 0 
0 0.000162368 0 
0 0.000165518 0 
0 0.000168729 0 
0 0.000172003 0 
0 0.00017534 0 
0 0.000178742 0 
0 0.000182211 0 
0 0.000185746 0 
0 0.000189351 0 
0 0.000193025 0 
0 0.000196771 0 
0 0.00020059 0 
0 0.000204483 0 
0 0.000208451 0 
0 0.000212497 0 
0 0.000216621 0 
0 0.000220826 0 
0 0.000225112 0 
0 0.000229481 0 
0 0.000233936 0 
0 0.000238476 0 
0 0.000243105 0 
0 0.000247825 0 
0 0.000252635 0 
0 0.000257539 0 
0 0.000262539 0 
0 0.000267635 0 
0 0.000272831 0 
0 0.000278127 0 
0 0.000283527 0 
0 0.000289031 0 
0 0.000294642 0 
0 0.000300363 0 
0 0.000306194 0 
0 0.000312139 0 
0 0.000318199 0 
0 0.000324376 0 
0 0.000330674 0 
0 0.000337094 0 
0 0.000343639 0 
0 0.000350311 0 
0 0.000357112 0 
0 0.000364046 0 
0 0.000371114 0 
0 0.00037832 0 
0 0.000385665 0 
0 0.000393153 0 
0 0.000400787 0 
0 0.000408569 0 
0 0.000416502 0 
0 0.000424589 0 
0 0.000432833 0 
0 0.000441237 0 
0 0.000449805 0 
0 0.000458539 0 
0 0.000467442 0 
0 0.000476519 0 
0 0.000485771 0 
0 0.000495204 0 
0 0.000504819 0 
0 0.000514621 0 
0 0.000524614 0 
0 0.000534801 0 
0 0.000545185 0 
0 0.000555771 0 
0 0.000566563 0 
0 0.000577565 0 
0 0.000588779 0 
0 0.000600212 0 
0 0.000611867 0 
0 0.000623748 0 
0 0.00063586 0 
0 0.000648207 0 
0 0.000660794 0 
0 0.000673625 0 
0 0.000686706 0 
0 0.00070004 0 
0 0.000713634 0 
0 0.000727491 0 
0 0.000741618 0 
0 0.000756019 0 
0 0.000770699 0 
0 0.000785665 0 
0 0.000800921 0 
0 0.000816473 0 
0 0.000832328 0 
0 0.00084849 0 
0 0.000864966 0 
0 0.000881763 0 
0 0.000898885 0 
0 0.00091634 0 
0 0.000934134 0 
0 0.000952273 0 
0 0.000970764 0 
0 0.000989615 0 
0 0.00100883 0 
0 0.00102842 0 
0 0.00104839 0 
0 0.00106875 0 
0 0.0010895 0 
0 0.00111066 0 
0 0.00113223 0 
0 0.00115421 0 
0 0.00117663 0 
0 0.00119947 0 
0 0.00122277 0 
0 0.00124651 0 
0 0.00127072 0 
0 0.00129539 0 
0 0.00132055 0 
0 0.00134619 0 
0 0.00137233 0 
0 0.00139898 0 
0 0.00142614 0 
0 0.00145384 0 
0 0.00148207 0 
0 0.00151085 0 
0 0.00154019 0 
0 0.0015701 0 
0 0.00160058 0 
0 0.00163167 0 
0 0.00166335 0 
0 0.00169565 0 
0 0.00172858 0 
0 0.00176214 0 
0 0.00179636 0 
0 0.00183124 0 
0 0.0018668 0 
0 0.00190305 0 
0 0.00194001 0 
0 0.00197768 0 
0 0.00201608 0 
0 0.00205523 0 
0 0.00209514 0 
0 0.00213583 0 
0 0.0021773 0 
0 0.00221958 0 
0 0.00226268 0 
0 0.00230662 0 
0 0.00235141 0 
0 0.00239707 0 
0 0.00244362 0 
0 0.00249107 0 
0 0.00253944 0 
0 0.00258875 0 
0 0.00263902 0 
0 0.00269026 0 
0 0.0027425 0 
0 0.00279576 0 
0 0.00285005 0 
0 0.00290539 0 
0 0.00296181 0 
0 0.00301932 0 
0 0.00307795 0 
0 0.00313772 0 
0 0.00319865 0 
0 0.00326076 0 
0 0.00332407 0 
0 0.00338862 0 
0 0.00345442 0 
0 0.0035215 0 
0 0.00358988 0 
0 0.00365959 0 
0 0.00373065 0 
0 0.00380309 0 
0 0.00387694 0 
0 0.00395222 0 
0 0.00402896 0 
0 0.00410719 0 
0 0.00418694 0 
0 0.00426824 0 
0 0.00435112 0 
0 0.00443561 0 
0 0.00452174 0 
0 0.00460954 0 
0 0.00469904 0 
0 0.00479028 0 
0 0.0048833 0 
0 0.00497812 0 
0 0.00507478 0 
0 0.00517331 0 
0 0.00527376 0 
0 0.00537616 0 
0 0.00548055 0 
0 0.00558696 0 
0 0.00569544 0 
0 0.00580603 0 
0 0.00591876 0 
0 0.00603368 0 
0 0.00615083 0 
0 0.00627026 0 
0 0.006392 0 
0 0.00651611 0 
0 0.00664262 0 
0 0.00677159 0 
0 0.00690307 0 
0 0.0070371 0 
0 0.00717372 0 
0 0.007313 0 
0 0.00745498 0 
0 0.00759972 0 
0 0.00774727 0 
0 0.00789768 0 
0 0.00805101 0 
0 0.00820731 0 
0 0.00836665 0 
0 0.00852908 0 
0 0.00869466 0 
0 0.00886345 0 
0 0.00903552 0 
0 0.00921093 0 
0 0.00938974 0 
0 0.00957202 0 
0 0.00975783 0 
0 0.00994725 0 
0 0.0101403 0 
0 0.0103372 0 
0 0.0105378 0 
0 0.0107424 0 
0 0.0109509 0 
0 0.0111635 0 
0 0.0113802 0 
0 0.011601 0 
0 0.0118262 0 
0 0.0120558 0 
0 0.0122897 0 
0 0.0125283 0 
0 0.0127714 0 
0 0.0130193 0 
0 0.0132719 0 
0 0.0135295 0 
0 0.0137921 0 
0 0.0140597 0 
0 0.0143325 0 
0 0.0146106 0 
0 0.0148941 0 
0 0.0151831 0 
0 0.0154777 0 
0 0.015778 0 
0 0.0160841 0 
0 0.0163962 0 
0 0.0167143 0 
0 0.0170385 0 
0 0.0173691 0 
0 0.017706 0 
0 0.0180494 0 
0 0.0183995 0 
0 0.0187564 0 
0 0.0191201 0 
0 0.0194909 0 
0 0.0198689 0 
0 0.0202542 0 
0 0.0206469 0 
0 0.0210473 0 
0 0.0214553 0 
0 0.0218713 0 
0 0.0222953 0 
0 0.0227274 0 
0 0.023168 0 
0 0.023617 0 
0 0.0240747 0 
0 0.0245412 0 
0 0.0250168 0 
0 0.0255015 0 
0 0.0259955 0 
0 0.0264991 0 
0 0.0270124 0 
0 0.0275356 0 
0 0.0280688 0 
0 0.0286123 0 
0 0.0291663 0 
0 0.029731 0 
0 0.0303065 0 
0 0.0308931 0 
0 0.0314909 0 
0 0.0321003 0 
0 0.0327213 0 
0 0.0333543 0 
0 0.0339994 0 
0 0.0346569 0 
0 0.035327 0 
0 0.0360099 0 
0 0.0367059 0 
0 0.0374153 0 
0 0.0381382 0 
0 0.0388749 0 
0 0.0396257 0 
0 0.0403909 0 
0 0.0411706 0 
0 0.0419652 0 
0 0.042775 0 
0 0.0436002 0 
0 0.0444411 0 
0 0.0452979 0 
0 0.0461711 0 
0 0.0470608 0 
0 0.0479673 0 
0 0.0488911 0 
0 0.0498323 0 
0 0.0507913 0 
0 0.0517685 0 
0 0.0527641 0 
0 0.0537784 0 
0 0.0548118 0 
0 0.0558646 0 
0 0.0569372 0 
0 0.0580299 0 
0 0.0591431 0 
0 0.060277 0 
0 0.0614321 0 
0 0.0626088 0 
0 0.0638073 0 
0 0.065028 0 
0 0.0662714 0 
0 0.0675378 0 
0 0.0688276 0 
0 0.0701411 0 
0 0.0714788 0 
0 0.072841 0 
0 0.0742281 0 
0 0.0756405 0 
0 0.0770787 0 
0 0.078543 0 
0 0.0800338 0 
0 0.0815515 0 
0 0.0830965 0 
0 0.0846692 0 
0 0.0862701 0 
0 0.0878995 0 
0 0.0895579 0 
0 0.0912455 0 
0 0.092963 0 
0 0.0947105 0 
0 0.0964886 0 
0 0.0982976 0 
0 0.100138 0 
0 0.10201 0 
0 0.103914 0 
0 0.105851 0 
0 0.10782 0 
0 0.109823 0 
0 0.111859 0 
0 0.113929 0 
0 0.116033 0 
0 0.118172 0 
0 0.120345 0 
0 0.122554 0 
0 0.124798 0 
0 0.127077 0 
0 0.129393 0 
0 0.131744 0 
0 0.134132 0 
0 0.136556 0 
0 0.139016 0 
0 0.141513 0 
0 0.144047 0 
0 0.146618 0 
0 0.149225 0 
0 0.151869 0 
0 0.154549 0 
0 0.157266 0 
0 0.160019 0 
0 0.162808 0 
0 0.165633 0 
0 0.168493 0 
0 0.171388 0 
0 0.174318 0 
0 0.177281 0 
0 0.180278 0 
0 0.183307 0 
0 0.186367 0 
0 0.189459 0 
0 0.19258 0 
0 0.19573 0 
0 0.198907 0 
0 0.20211 0 
0 0.205337 0 
0 0.208588 0 
0 0.21186 0 
0 0.215151 0 
0 0.218459 0 
0 0.221782 0 
0 0.225118 0 
0 0.228463 0 
0 0.231816 0 
0 0.235173 0 
0 0.238532 0 
0 0.241887 0 
0 0.245237 0 
0 0.248577 0 
0 0.251903 0 
0 0.25521 0 
0 0.258493 0 
0 0.261749 0 
0 0.264971 0 
0 0.268154 0 
0 0.271291 0 
0 0.274377 0 
0 0.277405 0 
0 0.280368 0 
0 0.283257 0 
0 0.286067 0 
0 0.288787 0 
0 0.29141 0 
0 0.293927 0 
0 0.296327 0 
0 0.2986 0 
0 0.300737 0 
0 0.302727 0 
0 0.304556 0 
0 0.306215 0 
0 0.307689 0 
0 0.308967 0 
0 0.310034 0 
0 0.310876 0 
0 0.311479 0 
0 0.311827 0 
0 0.311905 0 
0 0.311697 0 
0 0.311185 0 
0 0.310353 0 
0 0.309183 0 
0 0.307656 0 
0 0.305754 0 
0 0.303458 0 
0 0.300748 0 
0 0.297605 0 
0 0.294009 0 
0 0.289939 0 
0 0.285374 0 
0 0.280295 0 
0 0.27468 0 
0 0.268509 0 
0 0.261761 0 
0 0.254415 0 
0 0.246452 0 
0 0.237852 0 
0 0.228596 0 
0 0.218664 0 
0 0.20804 0 
0 0.196705 0 
0 0.184646 0 
0 0.171845 0 
0 0.158291 0 
0 0.143972 0 
0 0.128874 7.05253e-07 
0 0.112985 2.75249e-06 
0 0.0963057 5.34427e-06 
0 0.078837 7.85972e-06 
0 0.0605833 9.86886e-06 
0 0.0415519 1.11473e-05 
0 0.0217528 1.16911e-05 
0 0.00258493 1.17323e-05 
0 0 1.17081e-05 
0 0 1.16898e-05 
0 0 1.16773e-05 
0 0 1.16706e-05 
0 0 1.16697e-05 
0 0 1.16745e-05 
0 0 1.16849e-05 
0 0 1.1701e-05 
0 0 1.17227e-05 
0 0 1.175e-05 
0 0 1.17829e-05 
0 0 1.18214e-05 
0 0 1.18654e-05 
0 0 1.19149e-05 
0 0 1.19699e-05 
0 0 1.20304e-05 
0 0 1.20965e-05 
0 0 1.2168e-05 
0 0 1.22451e-05 
0 0 1.23276e-05 
0 0 1.24157e-05 
0 0 1.25093e-05 
0 0 1.26084e-05 
0 0 1.27131e-05 
0 0 1.28233e-05 
0 0 1.29391e-05 
0 0 1.30605e-05 
0 0 1.31875e-05 
0 0 1.33202e-05 
0 0 1.34586e-05 
0 0 1.36027e-05 
0 0 1.37525e-05 
0 0 1.39081e-05 
0 0 1.40696e-05 
0 0 1.42369e-05 
0 0 1.44102e-05 
0 0 1.45894e-05 
0 0 1.47746e-05 
0 0 1.49659e-05 
0 0 1.51633e-05 
0 0 1.53669e-05 
0 0 1.55767e-05 
0 0 1.57928e-05 
0 0 1.60153e-05 
0 0 1.62443e-05 
0 0 1.64797e-05 
0 0 1.67218e-05 
0 0 1.69705e-05 
0 0 1.72259e-05 
0 0 1.74882e-05 
0 0 1.77574e-05 
0 0 1.80336e-05 
0 0 1.83169e-05 
0 0 1.86073e-05 
0 0 1.89051e-05 
0 0 1.92102e-05 
0 0 1.95228e-05 
0 0 1.9843e-05 
0 0 2.01709e-05 
0 0 2.05067e-05 
0 0 2.08503e-05 
0 0 2.1202e-05 
0 0 2.15619e-05 
0 0 2.193e-05 
0 0 2.23066e-05 
0 0 2.26918e-05 
0 0 2.30856e-05 
0 0 2.34882e-05 
0 0 2.38999e-05 
0 0 2.43206e-05 
0 0 2.47506e-05 
0 0 2.519e-05 
0 0 2.5639e-05 
0 0 2.60977e-05 
0 0 2.65663e-05 
0 0 2.7045e-05 
0 0 2.75339e-05 
0 0 2.80332e-05 
0 0 2.8543e-05 
0 0 2.90637e-05 
0 0 2.95953e-05 
0 0 3.01381e-05 
0 0 3.06922e-05 
0 0 3.12579e-05 
0 0 3.18353e-05 
0 0 3.24246e-05 
0 0 3.30261e-05 
0 0 3.36401e-05 
0 0 3.42666e-05 
0 0 3.4906e-05 
0 0 3.55584e-05 
0 0 3.62241e-05 
0 0 3.69034e-05 
0 0 3.75965e-05 
0 0 3.83037e-05 
0 0 3.90252e-05 
0 0 3.97612e-05 
0 0 4.05121e-05 
0 0 4.1278e-05 
0 0 4.20594e-05 
0 0 4.28565e-05 
0 0 4.36695e-05 
0 0 4.44988e-05 
0 0 4.53447e-05 
0 0 4.62075e-05 
0 0 4.70875e-05 
0 0 4.7985e-05 
0 0 4.89003e-05 
0 0 4.98338e-05 
0 0 5.07859e-05 
0 0 5.17569e-05 
0 0 5.27471e-05 
0 0 5.37568e-05 
0 0 5.47866e-05 
0 0 5.58367e-05 
0 0 5.69076e-05 
0 0 5.79996e-05 
0 0 5.91131e-05 
0 0 6.02486e-05 
0 0 6.14064e-05 
0 0 6.2587e-05 
0 0 6.37908e-05 
0 0 6.50184e-05 
0 0 6.627e-05 
0 0 6.75462e-05 
0 0 6.88474e-05 
0 0 7.01742e-05 
0 0 7.1527e-05 
0 0 7.29064e-05 
0 0 7.43127e-05 
0 0 7.57466e-05 
0 0 7.72086e-05 
0 0 7.86992e-05 
0 0 8.02189e-05 
0 0 8.17684e-05 
0 0 8.33482e-05 
0 0 8.49589e-05 
0 0 8.6601e-05 
0 0 8.82752e-05 
0 0 8.99821e-05 
0 0 9.17223e-05 
0 0 9.34966e-05 
0 0 9.53054e-05 
0 0 9.71495e-05 
0 0 9.90296e-05 
0 0 0.000100946 
0 0 0.000102901 
0 0 0.000104893 
0 0 0.000106924 
0 0 0.000108995 
0 0 0.000111106 
0 0 0.000113258 
0 0 0.000115452 
0 0 0.000117689 
0 0 0.000119969 
0 0 0.000122294 
0 0 0.000124664 
0 0 0.00012708 
0 0 0.000129543 
0 0 0.000132055 
0 0 0.000134615 
0 0 0.000137225 
0 0 0.000139885 
0 0 0.000142598 
0 0 0.000145363 
0 0 0.000148182 
0 0 0.000151056 
0 0 0.000153985 
0 0 0.000156972 
0 0 0.000160017 
0 0 0.000163121 
0 0 0.000166285 
0 0 0.000169511 
0 0 0.0001728 
0 0 0.000176152 
0 0 0.00017957 
0 0 0.000183054 
0 0 0.000186606 
0 0 0.000190227 
0 0 0.000193919 
0 0 0.000197682 
0 0 0.000201518 
0 0 0.000205429 
0 0 0.000209415 
0 0 0.00021348 
0 0 0.000217623 
0 0 0.000221847 
0 0 0.000226153 
0 0 0.000230542 
0 0 0.000235017 
0 0 0.000239579 
0 0 0.000244229 
0 0 0.00024897 
0 0 0.000253802 
0 0 0.000258729 
0 0 0.000263752 
0 0 0.000268872 
0 0 0.000274091 
0 0 0.000279412 
0 0 0.000284836 
0 0 0.000290366 
0 0 0.000296003 
0 0 0.000301749 
0 0 0.000307607 
0 0 0.000313579 
0 0 0.000319667 
0 0 0.000325874 
0 0 0.0003322 
0 0 0.00033865 
0 0 0.000345225 
0 0 0.000351927 
0 0 0.00035876 
0 0 0.000365726 
0 0 0.000372827 
0 0 0.000380065 
0 0 0.000387445 
0 0 0.000394967 
0 0 0.000402636 
0 0 0.000410454 
0 0 0.000418423 
0 0 0.000426547 
0 0 0.000434829 
0 0 0.000443272 
0 0 0.000451879 
0 0 0.000460653 
0 0 0.000469598 
0 0 0.000478716 
0 0 0.000488011 
0 0 0.000497487 
0 0 0.000507147 
0 0 0.000516994 
0 0 0.000527033 
0 0 0.000537266 
0 0 0.000547699 
0 0 0.000558334 
0 0 0.000569175 
0 0 0.000580227 
0 0 0.000591494 
0 0 0.000602979 
0 0 0.000614688 
0 0 0.000626624 
0 0 0.000638791 
0 0 0.000651195 
0 0 0.00066384 
0 0 0.00067673 
0 0 0.000689871 
0 0 0.000703267 
0 0 0.000716923 
0 0 0.000730844 
0 0 0.000745036 
0 0 0.000759503 
0 0 0.000774251 
0 0 0.000789285 
0 0 0.000804612 
0 0 0.000820236 
0 0 0.000836163 
0 0 0.0008524 
0 0 0.000868952 
0 0 0.000885826 
0 0 0.000903027 
0 0 0.000920562 
0 0 0.000938438 
0 0 0.000956661 
0 0 0.000975237 
0 0 0.000994175 
0 0 0.00101348 
0 0 0.00103316 
0 0 0.00105322 
0 0 0.00107367 
0 0 0.00109452 
0 0 0.00111578 
0 0 0.00113744 
0 0 0.00115953 
0 0 0.00118205 
0 0 0.001205 
0 0 0.0012284 
0 0 0.00125225 
0 0 0.00127657 
0 0 0.00130136 
0 0 0.00132663 
0 0 0.00135239 
0 0 0.00137865 
0 0 0.00140542 
0 0 0.00143271 
0 0 0.00146054 
0 0 0.0014889 
0 0 0.00151781 
0 0 0.00154728 
0 0 0.00157733 
0 0 0.00160796 
0 0 0.00163918 
0 0 0.00167101 
0 0 0.00170346 
0 0 0.00173654 
0 0 0.00177026 
0 0 0.00180463 
0 0 0.00183968 
0 0 0.0018754 
0 0 0.00191182 
0 0 0.00194894 
0 0 0.00198679 
0 0 0.00202537 
0 0 0.0020647 
0 0 0.00210479 
0 0 0.00214566 
0 0 0.00218733 
0 0 0.0022298 
0 0 0.0022731 
0 0 0.00231724 
0 0 0.00236224 
0 0 0.00240811 
0 0 0.00245487 
0 0 0.00250254 
0 0 0.00255113 
0 0 0.00260067 
0 0 0.00265117 
0 0 0.00270265 
0 0 0.00275513 
0 0 0.00280863 
0 0 0.00286317 
0 0 0.00291877 
0 0 0.00297545 
0 0 0.00303322 
0 0 0.00309212 
0 0 0.00315216 
0 0 0.00321337 
0 0 0.00327577 
0 0 0.00333938 
0 0 0.00340422 
0 0 0.00347033 
0 0 0.00353771 
0 0 0.00360641 
0 0 0.00367644 
0 0 0.00374782 
0 0 0.0038206 
0 0 0.00389478 
0 0 0.00397041 
0 0 0.00404751 
0 0 0.0041261 
0 0 0.00420622 
0 0 0.00428789 
0 0 0.00437115 
0 0 0.00445603 
0 0 0.00454255 
0 0 0.00463076 
0 0 0.00472067 
0 0 0.00481234 
0 0 0.00490578 
0 0 0.00500103 
0 0 0.00509814 
0 0 0.00519713 
0 0 0.00529804 
0 0 0.00540091 
0 0 0.00550578 
0 0 0.00561268 
0 0 0.00572166 
0 0 0.00583276 
0 0 0.00594601 
0 0 0.00606146 
0 0 0.00617915 
0 0 0.00629912 
0 0 0.00642142 
0 0 0.0065461 
0 0 0.0066732 
0 0 0.00680276 
0 0 0.00693484 
0 0 0.00706949 
0 0 0.00720674 
0 0 0.00734666 
0 0 0.0074893 
0 0 0.0076347 
0 0 0.00778293 
0 0 0.00793403 
0 0 0.00808806 
0 0 0.00824508 
0 0 0.00840515 
0 0 0.00856833 
0 0 0.00873467 
0 0 0.00890424 
0 0 0.0090771 
0 0 0.00925332 
0 0 0.00943295 
0 0 0.00961607 
0 0 0.00980274 
0 0 0.00999303 
0 0 0.010187 
0 0 0.0103848 
0 0 0.0105863 
0 0 0.0107918 
0 0 0.0110013 
0 0 0.0112148 
0 0 0.0114325 
0 0 0.0116544 
0 0 0.0118806 
0 0 0.0121112 
0 0 0.0123463 
0 0 0.0125859 
0 0 0.0128302 
0 0 0.0130792 
0 0 0.013333 
0 0 0.0135917 
0 0 0.0138555 
0 0 0.0141244 
0 0 0.0143985 
0 0 0.0146778 
0 0 0.0149626 
0 0 0.015253 
0 0 0.0155489 
0 0 0.0158506 
0 0 0.0161581 
0 0 0.0164716 
0 0 0.0167911 
0 0 0.0171169 
0 0 0.0174489 
0 0 0.0177874 
0 0 0.0181324 
0 0 0.0184841 
0 0 0.0188426 
0 0 0.019208 
0 0 0.0195805 
0 0 0.0199603 
0 0 0.0203473 
0 0 0.0207418 
0 0 0.021144 
0 0 0.0215539 
0 0 0.0219718 
0 0 0.0223977 
0 0 0.0228319 
0 0 0.0232744 
0 0 0.0237255 
0 0 0.0241853 
0 0 0.024654 
0 0 0.0251317 
0 0 0.0256186 
0 0 0.0261149 
0 0 0.0266208 
0 0 0.0271364 
0 0 0.027662 
0 0 0.0281977 
0 0 0.0287437 
0 0 0.0293002 
0 0 0.0298674 
0 0 0.0304455 
0 0 0.0310348 
0 0 0.0316354 
0 0 0.0322475 
0 0 0.0328714 
0 0 0.0335072 
0 0 0.0341553 
0 0 0.0348158 
0 0 0.0354889 
0 0 0.0361749 
0 0 0.0368741 
0 0 0.0375867 
0 0 0.0383129 
0 0 0.0390529 
0 0 0.0398071 
0 0 0.0405757 
0 0 0.041359 
0 0 0.0421572 
0 0 0.0429706 
0 0 0.0437995 
0 0 0.0446442 
0 0 0.0455049 
0 0 0.046382 
0 0 0.0472757 
0 0 0.0481864 
0 0 0.0491143 
0 0 0.0500597 
0 0 0.051023 
0 0 0.0520045 
0 0 0.0530045 
0 0 0.0540234 
0 0 0.0550614 
0 0 0.0561189 
0 0 0.0571963 
0 0 0.0582938 
0 0 0.0594119 
0 0 0.0605509 
0 0 0.0617111 
0 0 0.0628929 
0 0 0.0640967 
0 0 0.0653229 
0 0 0.0665717 
0 0 0.0678437 
0 0 0.0691391 
0 0 0.0704583 
0 0 0.0718018 
0 0 0.0731699 
0 0 0.0745631 
0 0 0.0759816 
0 0 0.077426 
0 0 0.0788965 
0 0 0.0803937 
0 0 0.0819179 
0 0 0.0834695 
0 0 0.085049 
0 0 0.0866566 
0 0 0.0882929 
0 0 0.0899582 
0 0 0.0916529 
0 0 0.0933775 
0 0 0.0951323 
0 0 0.0969178 
0 0 0.0987342 
0 0 0.100582 
0 0 0.102462 
0 0 0.104374 
0 0 0.106318 
0 0 0.108295 
0 0 0.110306 
0 0 0.11235 
0 0 0.114428 
0 0 0.116541 
0 0 0.118687 
0 0 0.120869 
0 0 0.123086 
0 0 0.125339 
0 0 0.127627 
0 0 0.129951 
0 0 0.132311 
0 0 0.134707 
0 0 0.13714 
0 0 0.139609 
0 0 0.142115 
0 0 0.144658 
0 0 0.147237 
0 0 0.149853 
0 0 0.152506 
0 0 0.155195 
0 0 0.15792 
0 0 0.160682 
0 0 0.16348 
0 0 0.166313 
0 0 0.169182 
0 0 0.172085 
0 0 0.175023 
0 0 0.177994 
0 0 0.180998 
0 0 0.184035 
0 0 0.187103 
0 0 0.190202 
0 0 0.19333 
0 0 0.196486 
0 0 0.199669 
0 0 0.202879 
0 0 0.206112 
0 0 0.209368 
0 0 0.212644 
0 0 0.215939 
0 0 0.219251 
0 0 0.222578 
0 0 0.225916 
0 0 0.229264 
0 0 0.232618 
0 0 0.235976 
0 0 0.239333 
0 0 0.242688 
0 0 0.246036 
0 0 0.249373 
0 0 0.252694 
0 0 0.255996 
0 0 0.259274 
0 0 0.262522 
0 0 0.265735 
0 0 0.268907 
0 0 0.272033 
0 0 0.275106 
0 0 0.278119 
0 0 0.281065 
0 0 0.283936 
0 0 0.286725 
0 0 0.289423 
0 0 0.292021 
0 0 0.294511 
0 0 0.296882 
0 0 0.299124 
0 0 0.301227 
0 0 0.303179 
0 0 0.304969 
0 0 0.306585 
0 0 0.308013 
0 0 0.309242 
0 0 0.310256 
0 0 0.311043 
0 0 0.311586 
0 0 0.311872 
0 0 0.311883 
0 0 0.311603 
0 0 0.311017 
0 0 0.310106 
0 0 0.308852 
0 0 0.307237 
0 0 0.305243 
0 0 0.30285 
0 0 0.300038 
0 0 0.296789 
0 0 0.293081 
0 0 0.288895 
0 0 0.28421 
0 0 0.279004 
0 0 0.273259 
0 0 0.266951 
0 0 0.260063 
0 0 0.252571 
0 0 0.244458 
0 0 0.235703 
0 0 0.226287 
0 0 0.216191 
0 0 0.205399 
0 0 0.193893 
0 0 0.181658 
0 0 0.168678 
0 0 0.154943 
0 0 0.140439 
0 0 0.125157 
0 0 0.10909 
0 0 0.092232 
0 0 0.0745791 
0 0 0.0561307 
0 0 0.0368885 
0 0 0.0168571 
0 0 0.000869367 
0 0 0 
0 0 0 
0 0 0 
0 0 0 
0 0 0 
0 0 0 
0 0 0 
0 0 0 
0 0 0 
0 0 0 
0 0 0 
0 0 0 
0 0 0 
0 0 0 
0 0 0 
0 0 0 
0 0 0 
0 0 0 
0 0 0 
0 0 0 
0 0 0 
0 0 0 
0 0 0 
0 0 0 
0 0 0 
0 0 0 
0 0 0 
0 0 0 
0 0 0 
0 0 0 
0 0 0 
0 0 0 
0 0 0 
0 0 0 
0 0 0 
0 0 0 
0 0 0 
0 0 0 
0 0 0 
0 0 0 
0 0 0 
0 0 0 
0 0 0 
0 0 0 
0 0 0 
0 0 0 
0 0 0 
0 0 0 
0 0 0 
0 0 0 
0 0 0 
0 0 0 
0 0 0 
0 0 0 
0 0 0 
0 0 0 
0 0 0 
0 0 0 
0 0 0 
0 0 0 
0 0 0 
0 0 0 
0 0 0 
0 0 0 
0 0 0 
0 0 0 
0 0 0 
0 0 0 
0 0 0 
0 0 0 
0 0 0 
0 0 0 
0 0 0 
0 0 0 
0 0 0 
0 0 0 
0 0 0 
0 0 0 
0 0 0 
0 0 0 
0 0 0 
0 0 0 
0 0 0 
0 0 0 
0 0 0 
0 0 0 
0 0 0 
0 0 0 
0 0 0 
0 0 0 
0 0 0 
0 0 0 
0 0 0 
0 0 0 
0 0 0 
0 0 0 
0 0 0 
0 0 0 
0 0 0 
0 0 0 
0 0 0 
0 0 0 
0 0 0 
0 0 0 
0 0 0 
0 0 0 
0 0 0 
0 0 0 
0 0 0 
0 0 0 
0 0 0 
0 0 0 
0 0 0 
0 0 0 
0 0 0 
0 0 0 
0 0 0 
0 0 0 
0 0 0 
0 0 0 
0 0 0 
0 0 0 
0 0 0 
0 0 0 
0 0 0 
0 0 0 
0 0 0 
0 0 0 
0 0 0 
0 0 0 
0 0 0 
0 0 0 
0 0 0 
0 0 0 
0 0 0 
0 0 0 
0 0 0 
0 0 0 
0 0 0 
0 0 0 
0 0 0 
0 0 0 
0 0 0 
0 0 0 
0 0 0 
0 0 0 
0 0 0 
0 0 0 
0 0 0 
0 0 0 
0 0 0 
0 0 0 
0 0 0 
0 0 0 
0 0 0 
0 0 0 
0 0 0 
0 0 0 
0 0 0 
0 0 0 
0 0 0 
0 0 0 
0 0 0 
0 0 0 
0 0 0 
0 0 0 
0 0 0 
0 0 0 
0 0 0 
0 0 0 
0 0 0 
0 0 0 
0 0 0 
0 0 0 
0 0 0 
0 0 0 
0 0 0 
0 0 0 
0 0 0 
0 0 0 
0 0 0 
0 0 0 
0 0 0 
0 0 0 
0 0 0 
0 0 0 
0 0 0 
0 0 0 
0 0 0 
0 0 0 
0 0 0 
0 0 0 
0 0 0 
0 0 0 
0 0 0 
0 0 0 
0 0 0 
0 0 0 
0 0 0 
0 0 0 
0 0 0 
0 0 0 
0 0 0 
0 0 0 
0 0 0 
0 0 0 
0 0 0 
0 0 0 
0 0 0 
0 0 0 
0 0 0 
0 0 0 
0 0 0 
0 0 0 
0 0 0 
0 0 0 
0 0 0 
0 0 0 
0 0 0 
0 0 0 
0 0 0 
0 0 0 
0 0 0 
0 0 0 
0 0 0 
0 0 0 
0 0 0 
0 0 0 
0 0 0 
0 0 0 
0 0 0 
0 0 0 
0 0 0 
0 0 0 
0 0 0 
0 0 0 
0 0 0 
0 0 0 
0 0 0 
0 0 0 
0 0 0 
0 0 0 
0 0 0 
0 0 0 
0 0 0 
0 0 0 
0 0 0 
0 0 0 
0 0 0 
0 0 0 
0 0 0 
0 0 0 
0 0 0 
0 0 0 
0 0 0 
0 0 0 
0 0 0 
0 0 0 
0 0 0 
0 0 0 
0 0 0 
0 0 0 
0 0 0 
0 0 0 
0 0 0 
0 0 0 
0 0 0 
0 0 0 
0 0 0 
0 0 0 
0 0 0 
0 0 0 
0 0 0 
0 0 0 
0 0 0 
0 0 0 
0 0 0 
0 0 0 
0 0 0 
0 0 0 
0 0 0 
0 0 0 
0 0 0 
0 0 0 
0 0 0 
0 0 0 
0 0 0 
0 0 0 
0 0 0 
0 0 0 
0 0 0 
0 0 0 
0 0 0 
0 0 0 
0 0 0 
0 0 0 
0 0 0 
0 0 0 
0 0 0 
0 0 0 
0 0 0 
0 0 0 
0 0 0 
0 0 0 
0 0 0 
0 0 0 
0 0 0 
0 0 0 
0 0 0 
0 0 0 
0 0 0 
0 0 0 
0 0 0 
0 0 0 
0 0 0 
0 0 0 
0 0 0 
0 0 0 
0 0 0 
0 0 0 
0 0 0 
0 0 0 
0 0 0 
0 0 0 
0 0 0 
0 0 0 
0 0 0 
0 0 0 
0 0 0 
0 0 0 
0 0 0 
0 0 0 
0 0 0 
0 0 0 
0 0 0 
0 0 0 
0 0 0 
0 0 0 
0 0 0 
0 0 0 
0 0 0 
0 0 0 
0 0 0 
0 0 0 
0 0 0 
0 0 0 
0 0 0 
0 0 0 
0 0 0 
0 0 0 
0 0 0 
0 0 0 
0 0 0 
0 0 0 
0 0 0 
0 0 0 
0 0 0 
0 0 0 
0 0 0 
0 0 0 
0 0 0 
0 0 0 
0 0 0 
0 0 0 
0 0 0 
0 0 0 
0 0 0 
0 0 0 
0 0 0 
0 0 0 
0 0 0 
0 0 0 
0 0 0 
0 0 0 
0 0 0 
0 0 0 
0 0 0 
0 0 0 
0 0 0 
0 0 0 
0 0 0 
0 0 0 
0 0 0 
0 0 0 
0 0 0 
0 0 0 
0 0 0 
0 0 0 
0 0 0 
0 0 0 
0 0 0 
0 0 0 
0 0 0 
0 0 0 
0 0 0 
0 0 0 
0 0 0 
0 0 0 
0 0 0 
0 0 0 
0 0 0 
0 0 0 
0 0 0 
0 0 0 
0 0 0 
0 0 0 
0 0 0 
0 0 0 
0 0 0 
0 0 0 
0 0 0 
0 0 0 
0 0 0 
0 0 0 
0 0 0 
0 0 0 
0 0 0 
0 0 0 
0 0 0 
0 0 0 
0 0 0 
0 0 0 
0 0 0 
0 0 0 
0 0 0 
0 0 0 
0 0 0 
0 0 0 
0 0 0 
0 0 0 
0 0 0 
0 0 0 
0 0 0 
0 0 0 
0 0 0 
0 0 0 
0 0 0 
0 0 0 
0 0 0 
0 0 0 
0 0 0 
0 0 0 
0 0 0 
0 0 0 
0 0 0 
0 0 0 
0 0 0 
0 0 0 
0 0 0 
0 0 0 
0 0 0 
0 0 0 
0 0 0 
0 0 0 
0 0 0 
0 0 0 
0 0 0 
0 0 0 
0 0 0 
0 0 0 
0 0 0 
0 0 0 
0 0 0 
0 0 0 
0 0 0 
0 0 0 
0 0 0 
0 0 0 
0 0 0 
0 0 0 
0 0 0 
0 0 0 
0 0 0 
0 0 0 
0 0 0 
0 0 0 
0 0 0 
0 0 0 
0 0 0 
0 0 0 
0 0 0 
0 0 0 
0 0 0 
0 0 0 
0 0 0 
0 0 0 
0 0 0 
0 0 0 
0 0 0 
0 0 0 
0 0 0 
0 0 0 
0 0 0 
0 0 0 
0 0 0 
0 0 0 
0 0 0 
0 0 0 
0 0 0 
0 0 0 
0 0 0 
0 0 0 
0 0 0 
0 0 0 
0 0 0 
0 0 0 
0 0 0 
0 0 0 
0 0 0 
0 0 0 
0 0 0 
0 0 0 
